0000001 1996060618 1996 06 06 18  288.750   10.750  1008.46
0000001 1996060700 1996 06 07 00  288.500   10.750  1008.42
0000001 1996060706 1996 06 07 06  288.500   10.250  1009.21
0000001 1996060712 1996 06 07 12  288.500   10.250  1009.63
0000001 1996060718 1996 06 07 18  289.500   11.250  1007.87
0000001 1996060800 1996 06 08 00  289.250   11.250  1007.76
0000001 1996060806 1996 06 08 06  288.250   11.250  1009.77
0000002 1996060818 1996 06 08 18  288.750   10.750  1008.86
0000002 1996060900 1996 06 09 00  288.750   11.000  1008.67
0000002 1996060906 1996 06 09 06  288.500   10.000  1010.48
0000002 1996060912 1996 06 09 12  288.500    9.750  1011.30
0000002 1996060918 1996 06 09 18  288.750   10.750  1008.89
0000002 1996061000 1996 06 10 00  288.500   10.250  1009.04
0000002 1996061006 1996 06 10 06  288.250   10.000  1009.72
0000003 1996062400 1996 06 24 00  288.000    9.750  1008.68
0000003 1996062406 1996 06 24 06  288.750    9.750  1010.46
0000003 1996062412 1996 06 24 12  288.500   10.000  1011.34
0000003 1996062418 1996 06 24 18  288.750   10.750  1008.95
0000003 1996062500 1996 06 25 00  288.500   10.000  1008.76
0000003 1996062506 1996 06 25 06  288.500   10.000  1011.20
0000004 1996070712 1996 07 07 12  302.500   16.000  1006.11
0000004 1996070718 1996 07 07 18  301.250   16.250  1004.53
0000004 1996070800 1996 07 08 00  300.250   17.250  1001.57
0000004 1996070806 1996 07 08 06  298.500   17.500   998.29
0000004 1996070812 1996 07 08 12  297.000   18.000   995.29
0000004 1996070818 1996 07 08 18  295.500   18.500   993.11
0000004 1996070900 1996 07 09 00  294.000   19.250   990.33
0000004 1996070906 1996 07 09 06  292.750   19.750   986.98
0000004 1996070912 1996 07 09 12  291.250   20.750   986.43
0000005 1996082600 1996 08 26 00  309.000   16.750  1003.90
0000005 1996082606 1996 08 26 06  307.750   16.750  1001.68
0000005 1996082612 1996 08 26 12  306.500   17.000  1004.20
0000005 1996082618 1996 08 26 18  305.250   17.000  1003.59
0000005 1996082700 1996 08 27 00  304.000   17.250  1004.41
0000005 1996082706 1996 08 27 06  303.250   17.750  1003.18
0000005 1996082712 1996 08 27 12  301.750   18.250  1004.53
0000005 1996082718 1996 08 27 18  300.250   18.500  1003.60
0000005 1996082800 1996 08 28 00  299.250   18.750  1005.10
0000005 1996082806 1996 08 28 06  298.500   19.000  1004.68
0000005 1996082812 1996 08 28 12  297.250   20.250  1002.89
0000005 1996082818 1996 08 28 18  296.250   21.000  1000.22
0000005 1996082900 1996 08 29 00  295.000   22.250   999.28
0000005 1996082906 1996 08 29 06  293.500   23.000   996.46
0000005 1996082912 1996 08 29 12  292.500   23.750   996.22
0000005 1996082918 1996 08 29 18  291.250   24.750   992.66
0000005 1996083000 1996 08 30 00  290.750   25.250   989.96
0000005 1996083006 1996 08 30 06  290.500   26.500   990.31
0000006 1996082918 1996 08 29 18  300.500   19.250  1007.69
0000006 1996083000 1996 08 30 00  299.750   20.000  1008.60
0000006 1996083006 1996 08 30 06  298.500   20.500  1007.92
0000006 1996083012 1996 08 30 12  297.750   21.750  1008.88
0000006 1996083018 1996 08 30 18  296.500   23.000  1008.48
0000006 1996083100 1996 08 31 00  295.500   24.000  1009.33
0000006 1996083106 1996 08 31 06  295.000   24.750  1008.69
0000006 1996083112 1996 08 31 12  294.250   25.750  1010.60
0000006 1996083118 1996 08 31 18  294.250   26.500  1011.17
0000007 1996090212 1996 09 02 12  292.500   26.750  1012.98
0000007 1996090218 1996 09 02 18  291.500   26.750  1011.60
0000007 1996090300 1996 09 03 00  290.000   26.750  1010.56
0000007 1996090306 1996 09 03 06  288.500   26.500  1008.97
0000007 1996090312 1996 09 03 12  287.500   26.250  1007.86
0000007 1996090318 1996 09 03 18  286.250   25.000  1006.10
0000007 1996090400 1996 09 04 00  286.250   25.750   999.66
0000007 1996090406 1996 09 04 06  286.000   26.250   990.28
0000008 1996092200 1996 09 22 00  288.500   10.750  1007.66
0000008 1996092206 1996 09 22 06  288.750    9.500  1009.21
0000008 1996092212 1996 09 22 12  288.500   10.000  1010.57
0000008 1996092218 1996 09 22 18  287.750    9.000  1007.79
0000008 1996092300 1996 09 23 00  288.750    9.750  1007.62
0000008 1996092306 1996 09 23 06  288.250   10.000  1008.68
0000008 1996092312 1996 09 23 12  288.250   10.000  1010.26
0000008 1996092318 1996 09 23 18  287.750    9.000  1006.97
0000008 1996092400 1996 09 24 00  288.500   10.250  1007.41
0000008 1996092406 1996 09 24 06  288.500   10.250  1007.74
0000008 1996092412 1996 09 24 12  288.250   10.750  1009.20
0000008 1996092418 1996 09 24 18  288.000    9.000  1006.59
0000008 1996092500 1996 09 25 00  288.250    9.250  1006.28
0000008 1996092506 1996 09 25 06  288.500   10.000  1008.53
0000008 1996092512 1996 09 25 12  288.250   11.000  1009.49
0000009 1996101300 1996 10 13 00  281.250   10.000  1008.22
0000009 1996101306 1996 10 13 06  281.250   11.000  1008.55
0000009 1996101312 1996 10 13 12  280.250   11.500  1008.40
0000009 1996101318 1996 10 13 18  280.250   10.750  1008.53
0000009 1996101400 1996 10 14 00  281.000   12.000  1007.79
0000009 1996101406 1996 10 14 06  281.250   12.000  1007.96
0000009 1996101412 1996 10 14 12  281.000   12.500  1007.33
0000009 1996101418 1996 10 14 18  281.250   13.250  1007.18
0000009 1996101500 1996 10 15 00  280.750   14.000  1007.02
0000009 1996101506 1996 10 15 06  280.250   14.500  1007.47
0000009 1996101512 1996 10 15 12  280.000   15.250  1007.12
0000009 1996101518 1996 10 15 18  279.000   16.250  1006.02
0000009 1996101600 1996 10 16 00  278.750   17.250  1004.27
0000009 1996101606 1996 10 16 06  277.500   18.250  1003.71
0000009 1996101612 1996 10 16 12  276.500   19.250  1003.20
0000009 1996101618 1996 10 16 18  275.250   20.000  1003.96
0000010 1996101712 1996 10 17 12  275.000   19.250  1004.44
0000010 1996101718 1996 10 17 18  275.250   19.500  1004.45
0000010 1996101800 1996 10 18 00  276.250   20.000  1002.21
0000010 1996101806 1996 10 18 06  276.750   20.500   999.54
0000010 1996101812 1996 10 18 12  277.250   20.750   999.54
0000010 1996101818 1996 10 18 18  278.500   20.750   999.20
0000010 1996101900 1996 10 19 00  279.750   21.250   997.13
0000010 1996101906 1996 10 19 06  281.000   21.250   998.09
0000010 1996101912 1996 10 19 12  282.750   21.250   999.19
0000011 1996102800 1996 10 28 00  301.000   20.000  1012.11
0000011 1996102806 1996 10 28 06  300.750   20.750  1009.46
0000011 1996102812 1996 10 28 12  300.250   20.500  1009.69
0000011 1996102818 1996 10 28 18  299.750   20.500  1007.94
0000011 1996102900 1996 10 29 00  299.750   20.500  1008.81
0000011 1996102906 1996 10 29 06  300.000   21.500  1006.57
0000011 1996102912 1996 10 29 12  300.500   21.750  1007.84
0000011 1996102918 1996 10 29 18  301.250   23.000  1005.19
0000011 1996103000 1996 10 30 00  302.500   23.500  1006.23
0000011 1996103006 1996 10 30 06  302.750   23.750  1004.97
0000011 1996103012 1996 10 30 12  304.000   24.000  1007.40
0000011 1996103018 1996 10 30 18  304.500   23.500  1006.40
0000011 1996103100 1996 10 31 00  305.250   23.250  1008.89
0000011 1996103106 1996 10 31 06  306.000   23.250  1007.70
0000011 1996103112 1996 10 31 12  305.750   22.750  1009.64
0000011 1996103118 1996 10 31 18  306.250   22.750  1007.90
0000011 1996110100 1996 11 01 00  305.250   22.500  1011.00
