0000001 2005062721 2005 06 27 21  288.750   10.750  1006.89
0000001 2005062803 2005 06 28 03  288.500   10.250  1007.22
0000001 2005062809 2005 06 28 09  288.250   10.250  1008.53
0000001 2005062815 2005 06 28 15  288.750   10.750  1008.30
0000001 2005062821 2005 06 28 21  288.750   10.750  1006.03
0000001 2005062903 2005 06 29 03  288.500   10.250  1007.19
0000001 2005062909 2005 06 29 09  288.250   10.000  1008.76
0000001 2005062915 2005 06 29 15  288.000    8.750  1008.87
0000002 2005070521 2005 07 05 21  291.750   15.750  1008.73
0000002 2005070603 2005 07 06 03  290.500   16.500  1007.43
0000002 2005070609 2005 07 06 09  289.250   16.250  1005.98
0000002 2005070615 2005 07 06 15  288.500   16.750  1005.45
0000002 2005070621 2005 07 06 21  287.500   17.500  1004.54
0000002 2005070703 2005 07 07 03  286.250   18.000  1004.55
0000002 2005070709 2005 07 07 09  284.750   18.750  1002.72
0000003 2005070715 2005 07 07 15  283.000   19.500  1001.47
0000003 2005070721 2005 07 07 21  282.250   20.000   998.46
0000003 2005070803 2005 07 08 03  281.250   20.500   996.14
0000003 2005070809 2005 07 08 09  279.750   20.500   992.56
0000003 2005070815 2005 07 08 15  278.750   21.000   990.59
0000003 2005070821 2005 07 08 21  278.250   21.250   987.20
0000003 2005070903 2005 07 09 03  277.750   22.000   986.22
0000003 2005070909 2005 07 09 09  277.500   22.500   983.67
0000003 2005070915 2005 07 09 15  277.250   23.750   983.32
0000003 2005070921 2005 07 09 21  276.250   25.250   984.28
0000004 2005071321 2005 07 13 21  299.250   13.500  1007.79
0000004 2005071403 2005 07 14 03  297.750   14.000  1007.79
0000004 2005071409 2005 07 14 09  296.000   14.250  1007.17
0000004 2005071415 2005 07 14 15  294.500   14.750  1006.85
0000004 2005071421 2005 07 14 21  292.750   15.250  1006.83
0000004 2005071503 2005 07 15 03  291.000   15.500  1006.53
0000004 2005071509 2005 07 15 09  289.500   15.750  1006.91
0000004 2005071515 2005 07 15 15  287.750   15.750  1006.60
0000004 2005071521 2005 07 15 21  287.000   15.750  1005.76
0000004 2005071603 2005 07 16 03  286.500   15.750  1006.89
0000005 2005072603 2005 07 26 03  288.500   10.000  1008.76
0000005 2005072609 2005 07 26 09  288.500   10.000  1009.37
0000005 2005072615 2005 07 26 15  288.750   10.750  1008.39
0000005 2005072621 2005 07 26 21  289.000   11.000  1005.92
0000005 2005072703 2005 07 27 03  288.750   11.000  1007.02
0000005 2005072709 2005 07 27 09  288.250   11.000  1008.38
0000006 2005072921 2005 07 29 21  288.750   10.750  1006.22
0000006 2005073003 2005 07 30 03  288.500   10.250  1006.85
0000006 2005073009 2005 07 30 09  288.500   10.250  1007.81
0000006 2005073015 2005 07 30 15  288.250   10.750  1007.39
0000006 2005073021 2005 07 30 21  288.000    9.000  1005.75
0000007 2005080721 2005 08 07 21  312.750   21.000  1010.20
0000007 2005080803 2005 08 08 03  311.500   21.500  1009.42
0000007 2005080809 2005 08 08 09  310.500   21.750  1009.29
0000007 2005080815 2005 08 08 15  309.500   22.000  1009.67
0000007 2005080821 2005 08 08 21  308.500   22.000  1010.18
0000007 2005080903 2005 08 09 03  307.500   22.000  1009.80
0000007 2005080909 2005 08 09 09  306.750   22.000  1009.08
0000007 2005080915 2005 08 09 15  305.750   22.000  1008.44
0000007 2005080921 2005 08 09 21  305.000   22.250  1007.90
0000007 2005081003 2005 08 10 03  303.750   22.500  1007.99
0000007 2005081009 2005 08 10 09  302.250   22.750  1007.45
0000007 2005081015 2005 08 10 15  301.250   22.750  1006.32
0000007 2005081021 2005 08 10 21  300.000   23.500  1006.46
0000007 2005081103 2005 08 11 03  298.750   23.750  1005.77
0000007 2005081109 2005 08 11 09  297.250   24.000  1006.72
0000007 2005081115 2005 08 11 15  296.250   24.250  1005.14
0000007 2005081121 2005 08 11 21  295.500   24.500  1003.79
0000007 2005081203 2005 08 12 03  295.000   25.250  1004.03
0000007 2005081209 2005 08 12 09  294.500   25.500  1003.58
0000007 2005081215 2005 08 12 15  294.250   26.250  1008.24
0000008 2005081421 2005 08 14 21  312.500   14.000  1011.69
0000008 2005081503 2005 08 15 03  312.000   14.000  1010.97
0000008 2005081509 2005 08 15 09  311.500   14.750  1012.30
0000008 2005081515 2005 08 15 15  310.750   15.500  1012.49
0000008 2005081521 2005 08 15 21  310.000   15.750  1013.14
0000008 2005081603 2005 08 16 03  309.500   16.500  1013.17
0000008 2005081609 2005 08 16 09  308.250   17.250  1013.43
0000008 2005081615 2005 08 16 15  307.250   18.000  1012.57
0000008 2005081621 2005 08 16 21  306.250   18.750  1012.26
0000008 2005081703 2005 08 17 03  305.000   19.000  1010.18
0000008 2005081709 2005 08 17 09  304.500   19.500  1009.85
0000008 2005081715 2005 08 17 15  303.750   20.250  1009.50
0000008 2005081721 2005 08 17 21  302.750   21.250  1009.58
0000008 2005081803 2005 08 18 03  301.500   22.000  1009.29
0000008 2005081809 2005 08 18 09  300.750   22.750  1010.24
0000008 2005081815 2005 08 18 15  299.750   23.750  1010.87
0000008 2005081821 2005 08 18 21  299.000   24.250  1011.26
0000008 2005081903 2005 08 19 03  297.750   24.750  1012.38
0000008 2005081909 2005 08 19 09  296.500   25.000  1012.74
0000008 2005081915 2005 08 19 15  295.250   25.250  1014.03
0000008 2005081921 2005 08 19 21  294.000   25.250  1015.49
0000008 2005082003 2005 08 20 03  292.250   25.750  1015.92
0000008 2005082009 2005 08 20 09  291.000   26.000  1017.12
0000008 2005082015 2005 08 20 15  289.750   26.000  1017.76
0000009 2005082415 2005 08 24 15  282.000   26.500  1011.82
0000009 2005082421 2005 08 24 21  281.500   26.500  1010.97
0000009 2005082503 2005 08 25 03  280.750   26.000  1010.73
0000009 2005082509 2005 08 25 09  280.750   26.000  1009.13
0000009 2005082515 2005 08 25 15  280.500   25.500  1006.46
0000009 2005082521 2005 08 25 21  280.000   25.500  1001.19
0000009 2005082603 2005 08 26 03  279.500   25.250   998.73
0000009 2005082609 2005 08 26 09  278.750   25.250   995.72
0000009 2005082615 2005 08 26 15  277.750   24.750   992.32
0000009 2005082621 2005 08 26 21  277.000   24.750   986.69
0000009 2005082703 2005 08 27 03  276.500   24.500   980.41
0000009 2005082709 2005 08 27 09  275.500   24.500   976.55
0000010 2005090121 2005 09 01 21  312.000   20.250  1005.77
0000010 2005090203 2005 09 02 03  311.500   20.500  1003.94
0000010 2005090209 2005 09 02 09  310.750   21.000  1004.34
0000010 2005090215 2005 09 02 15  309.750   21.750  1003.80
0000010 2005090221 2005 09 02 21  309.000   22.500  1003.94
0000010 2005090303 2005 09 03 03  308.000   23.250  1003.41
0000010 2005090309 2005 09 03 09  306.750   24.250  1004.22
0000010 2005090315 2005 09 03 15  305.750   25.000  1003.69
0000010 2005090321 2005 09 03 21  305.250   25.250  1001.97
0000010 2005090403 2005 09 04 03  305.250   25.750  1001.53
0000010 2005090409 2005 09 04 09  305.250   26.250  1008.55
0000011 2005090521 2005 09 05 21  288.000    9.000  1005.47
0000011 2005090603 2005 09 06 03  288.500   10.250  1006.39
0000011 2005090609 2005 09 06 09  288.250   10.250  1007.60
0000011 2005090615 2005 09 06 15  288.000    9.000  1007.55
0000011 2005090621 2005 09 06 21  286.250    9.500  1005.54
0000011 2005090703 2005 09 07 03  285.500   10.750  1007.88
0000011 2005090709 2005 09 07 09  284.250   10.500  1008.14
0000012 2005091909 2005 09 19 09  283.500   21.500  1008.52
0000012 2005091915 2005 09 19 15  282.750   22.000  1008.12
0000012 2005091921 2005 09 19 21  282.750   22.000  1006.96
0000012 2005092003 2005 09 20 03  281.250   22.500  1006.17
0000012 2005092009 2005 09 20 09  279.750   23.000  1004.54
0000012 2005092015 2005 09 20 15  278.250   22.750  1002.60
0000012 2005092021 2005 09 20 21  277.250   22.500   999.50
0000012 2005092103 2005 09 21 03  276.750   23.000   998.06
0000012 2005092109 2005 09 21 09  276.250   23.250   994.71
0000012 2005092115 2005 09 21 15  275.250   24.250   991.74
0000013 2005091515 2005 09 15 15  311.000   12.000  1012.67
0000013 2005091521 2005 09 15 21  310.000   12.250  1013.01
0000013 2005091603 2005 09 16 03  309.000   12.250  1012.13
0000013 2005091609 2005 09 16 09  307.750   12.250  1012.38
0000013 2005091615 2005 09 16 15  307.500   12.750  1011.62
0000013 2005091621 2005 09 16 21  307.750   13.750  1011.15
0000013 2005091703 2005 09 17 03  307.500   14.750  1010.28
0000013 2005091709 2005 09 17 09  306.750   15.250  1009.88
0000013 2005091715 2005 09 17 15  306.500   16.000  1008.65
0000013 2005091721 2005 09 17 21  306.500   16.500  1008.05
0000013 2005091803 2005 09 18 03  306.250   17.000  1007.17
0000013 2005091809 2005 09 18 09  306.000   18.000  1006.78
0000013 2005091815 2005 09 18 15  305.000   18.750  1005.32
0000013 2005091821 2005 09 18 21  304.000   19.000  1004.27
0000013 2005091903 2005 09 19 03  303.000   19.250  1003.08
0000013 2005091909 2005 09 19 09  301.750   19.500  1003.96
0000013 2005091915 2005 09 19 15  300.500   19.250  1002.09
0000013 2005091921 2005 09 19 21  300.750   19.250  1000.41
0000013 2005092003 2005 09 20 03  300.750   19.750   999.61
0000013 2005092009 2005 09 20 09  300.500   20.500   999.68
0000013 2005092015 2005 09 20 15  300.000   21.000   997.37
0000013 2005092021 2005 09 20 21  299.750   21.000   996.41
0000013 2005092103 2005 09 21 03  299.500   21.500   995.22
0000013 2005092109 2005 09 21 09  299.000   22.000   994.97
0000013 2005092115 2005 09 21 15  298.250   21.750   994.19
0000013 2005092121 2005 09 21 21  297.500   21.750   993.54
0000013 2005092203 2005 09 22 03  297.250   21.500   994.45
0000013 2005092209 2005 09 22 09  296.750   21.500   995.09
0000013 2005092215 2005 09 22 15  296.750   21.500   995.86
0000013 2005092221 2005 09 22 21  297.000   22.000   996.54
0000013 2005092303 2005 09 23 03  297.000   22.750   997.04
0000013 2005092309 2005 09 23 09  297.250   23.750   998.78
0000013 2005092315 2005 09 23 15  297.750   25.000  1000.21
0000013 2005092321 2005 09 23 21  298.000   26.250  1002.04
0000013 2005092403 2005 09 24 03  298.500   26.750  1005.94
0000014 2005101103 2005 10 11 03  284.250   17.250  1005.52
0000014 2005101109 2005 10 11 09  285.500   17.000  1004.64
0000014 2005101115 2005 10 11 15  286.000   17.500  1004.05
0000014 2005101121 2005 10 11 21  285.500   18.000  1003.78
0000014 2005101203 2005 10 12 03  285.750   19.000  1003.97
0000014 2005101209 2005 10 12 09  286.500   20.500  1003.76
0000014 2005101215 2005 10 12 15  286.500   20.500  1003.44
0000014 2005101221 2005 10 12 21  286.250   20.750  1002.88
0000014 2005101303 2005 10 13 03  286.000   20.250  1003.16
0000014 2005101309 2005 10 13 09  286.250   19.250  1002.77
0000014 2005101315 2005 10 13 15  286.000   19.250  1003.07
0000014 2005101321 2005 10 13 21  285.750   19.000  1003.05
0000014 2005101403 2005 10 14 03  286.000   19.000  1003.90
0000014 2005101409 2005 10 14 09  286.000   19.000  1004.43
0000014 2005101415 2005 10 14 15  286.000   19.000  1004.60
0000014 2005101421 2005 10 14 21  286.000   19.000  1004.19
0000014 2005101503 2005 10 15 03  285.250   19.000  1003.58
0000014 2005101509 2005 10 15 09  284.000   18.250  1003.71
0000014 2005101515 2005 10 15 15  283.750   18.250  1003.65
0000014 2005101521 2005 10 15 21  283.000   18.750  1002.56
0000014 2005101603 2005 10 16 03  281.750   18.000  1002.07
0000014 2005101609 2005 10 16 09  281.750   17.750  1000.46
0000014 2005101615 2005 10 16 15  281.500   17.500  1000.16
0000014 2005101621 2005 10 16 21  282.000   17.000   998.59
0000014 2005101703 2005 10 17 03  282.000   17.000   997.05
0000014 2005101709 2005 10 17 09  282.250   17.000   995.68
0000014 2005101715 2005 10 17 15  282.250   17.000   995.75
0000014 2005101721 2005 10 17 21  282.500   17.500   995.61
0000014 2005101803 2005 10 18 03  281.750   18.500   996.41
0000014 2005101809 2005 10 18 09  280.500   18.250   996.00
0000014 2005101815 2005 10 18 15  279.500   17.750   995.63
0000014 2005101821 2005 10 18 21  278.750   17.250   990.90
0000014 2005101903 2005 10 19 03  278.250   17.250   989.48
0000014 2005101909 2005 10 19 09  277.750   17.250   985.92
0000014 2005101915 2005 10 19 15  277.250   17.250   984.05
0000014 2005101921 2005 10 19 21  276.750   17.750   978.54
0000014 2005102003 2005 10 20 03  276.000   18.000   973.61
0000014 2005102009 2005 10 20 09  275.250   18.250   966.69
0000015 2005102521 2005 10 25 21  281.750   12.250  1009.47
0000015 2005102603 2005 10 26 03  281.000   12.500  1009.11
0000015 2005102609 2005 10 26 09  280.250   12.500  1008.61
0000015 2005102615 2005 10 26 15  279.250   11.000  1008.26
0000015 2005102621 2005 10 26 21  279.000   11.250  1006.64
0000015 2005102703 2005 10 27 03  279.250   11.000  1005.61
0000015 2005102709 2005 10 27 09  279.250   11.500  1004.80
0000015 2005102715 2005 10 27 15  279.250   12.000  1004.47
0000015 2005102721 2005 10 27 21  279.000   12.500  1002.84
0000015 2005102803 2005 10 28 03  279.000   12.750  1001.62
0000015 2005102809 2005 10 28 09  279.000   12.750  1000.65
0000015 2005102815 2005 10 28 15  279.000   12.500   999.91
0000015 2005102821 2005 10 28 21  279.500   13.000   999.16
0000015 2005102903 2005 10 29 03  279.750   13.500   998.17
0000015 2005102909 2005 10 29 09  279.500   13.750   997.79
0000015 2005102915 2005 10 29 15  279.000   14.000   996.72
0000015 2005102921 2005 10 29 21  278.750   14.000   994.20
0000015 2005103003 2005 10 30 03  278.500   14.250   995.17
0000015 2005103009 2005 10 30 09  277.500   14.000   994.61
0000015 2005103015 2005 10 30 15  277.000   13.500   994.01
0000015 2005103021 2005 10 30 21  276.750   13.250   994.59
0000015 2005103103 2005 10 31 03  276.250   13.000   997.36
0000015 2005103109 2005 10 31 09  275.750   12.750  1002.66
0000015 2005103115 2005 10 31 15  275.500   12.750  1007.44
