0000001 1998071318 1998 07 13 18  287.750    9.000  1008.79
0000001 1998071400 1998 07 14 00  288.000    9.750  1008.13
0000001 1998071406 1998 07 14 06  288.500   10.750  1009.02
0000001 1998071412 1998 07 14 12  288.500   10.000  1010.55
0000001 1998071418 1998 07 14 18  287.750    9.000  1008.35
0000001 1998071500 1998 07 15 00  288.500   10.000  1007.86
0000001 1998071506 1998 07 15 06  288.500   10.250  1008.67
0000001 1998071512 1998 07 15 12  288.250   10.500  1010.13
0000001 1998071518 1998 07 15 18  287.750    9.000  1008.12
0000001 1998071600 1998 07 16 00  288.500   10.500  1007.28
0000001 1998071606 1998 07 16 06  288.250   10.250  1008.97
0000001 1998071612 1998 07 16 12  288.250   10.250  1010.75
0000001 1998071618 1998 07 16 18  286.500    9.750  1008.90
0000001 1998071700 1998 07 17 00  285.750    9.250  1008.39
0000002 1998073100 1998 07 31 00  288.750    9.750  1007.39
0000002 1998073106 1998 07 31 06  288.250   10.250  1008.93
0000002 1998073112 1998 07 31 12  288.250   10.250  1010.29
0000002 1998073118 1998 07 31 18  286.500    9.750  1007.87
0000002 1998080100 1998 08 01 00  285.750    9.250  1008.27
0000003 1998080306 1998 08 03 06  288.250   10.250  1007.76
0000003 1998080312 1998 08 03 12  288.500    9.750  1008.46
0000003 1998080318 1998 08 03 18  288.750   10.750  1006.33
0000003 1998080400 1998 08 04 00  288.750    9.750  1006.08
0000003 1998080406 1998 08 04 06  288.250   10.250  1008.34
0000003 1998080412 1998 08 04 12  288.500    9.750  1009.90
0000004 1998082206 1998 08 22 06  292.000   22.000  1002.48
0000004 1998082212 1998 08 22 12  291.750   22.500  1000.33
0000004 1998082218 1998 08 22 18  290.250   23.250   999.07
0000004 1998082300 1998 08 23 00  289.750   23.750   992.91
0000004 1998082306 1998 08 23 06  289.000   24.250   985.84
0000004 1998082312 1998 08 23 12  288.500   24.500   981.19
0000004 1998082318 1998 08 23 18  288.500   24.750   977.61
0000004 1998082400 1998 08 24 00  288.250   25.000   973.67
0000004 1998082406 1998 08 24 06  287.750   25.250   970.58
0000004 1998082412 1998 08 24 12  287.500   25.250   965.51
0000004 1998082418 1998 08 24 18  287.250   26.000   961.87
0000005 1998082406 1998 08 24 06  299.750   15.250  1008.34
0000005 1998082412 1998 08 24 12  298.750   16.000  1007.71
0000005 1998082418 1998 08 24 18  297.250   16.750  1006.59
0000005 1998082500 1998 08 25 00  296.000   17.250  1005.78
0000005 1998082506 1998 08 25 06  294.750   17.750  1003.65
0000005 1998082512 1998 08 25 12  293.750   18.750  1003.52
0000005 1998082518 1998 08 25 18  292.250   19.750  1003.94
0000005 1998082600 1998 08 26 00  290.750   20.250  1003.48
0000005 1998082606 1998 08 26 06  289.500   21.000  1003.21
0000005 1998082612 1998 08 26 12  288.000   22.000  1003.97
0000005 1998082618 1998 08 26 18  286.750   23.250  1003.80
0000005 1998082700 1998 08 27 00  285.750   24.250  1004.06
0000005 1998082706 1998 08 27 06  284.250   25.000  1003.86
0000005 1998082712 1998 08 27 12  282.750   25.750  1004.29
0000005 1998082718 1998 08 27 18  281.750   25.750  1008.40
0000006 1998082918 1998 08 29 18  288.000    9.000  1006.97
0000006 1998083000 1998 08 30 00  288.250    9.250  1006.68
0000006 1998083006 1998 08 30 06  288.500   10.500  1008.02
0000006 1998083012 1998 08 30 12  288.500   10.000  1009.83
0000006 1998083018 1998 08 30 18  288.000    9.000  1007.30
0000006 1998083100 1998 08 31 00  288.250    9.750  1008.03
0000006 1998083106 1998 08 31 06  288.500   10.750  1009.99
0000006 1998083112 1998 08 31 12  288.250   11.000  1011.29
0000007 1998091818 1998 09 18 18  312.500   13.250  1006.18
0000007 1998091900 1998 09 19 00  311.000   13.750  1006.43
0000007 1998091906 1998 09 19 06  309.250   14.000  1003.12
0000007 1998091912 1998 09 19 12  308.000   14.500  1002.05
0000007 1998091918 1998 09 19 18  306.750   15.000   995.54
0000007 1998092000 1998 09 20 00  305.500   15.500   993.46
0000007 1998092006 1998 09 20 06  304.000   16.000   990.40
0000007 1998092012 1998 09 20 12  302.250   16.250   988.07
0000007 1998092018 1998 09 20 18  300.750   16.500   986.56
0000007 1998092100 1998 09 21 00  299.250   17.000   986.94
0000008 1998092106 1998 09 21 06  297.250   17.250   989.09
0000008 1998092112 1998 09 21 12  296.000   17.750   990.15
0000008 1998092118 1998 09 21 18  294.750   18.000   986.93
0000008 1998092200 1998 09 22 00  293.750   18.000   986.70
0000008 1998092206 1998 09 22 06  292.500   18.250   987.27
0000008 1998092212 1998 09 22 12  291.250   18.250   984.66
0000008 1998092218 1998 09 22 18  290.000   18.500   986.47
0000008 1998092300 1998 09 23 00  288.500   18.500   990.36
0000008 1998092306 1998 09 23 06  287.250   19.000   991.81
0000008 1998092312 1998 09 23 12  286.250   19.250   990.02
0000008 1998092318 1998 09 23 18  285.500   19.500   988.36
0000008 1998092400 1998 09 24 00  284.250   19.750   986.39
0000008 1998092406 1998 09 24 06  283.250   20.500   988.90
0000008 1998092412 1998 09 24 12  282.250   20.750   989.90
0000008 1998092418 1998 09 24 18  281.250   21.500   989.87
0000008 1998092500 1998 09 25 00  280.500   22.000   988.45
0000008 1998092506 1998 09 25 06  279.500   22.750   988.73
0000008 1998092512 1998 09 25 12  278.500   23.500   986.27
0000008 1998092518 1998 09 25 18  277.750   24.000   984.66
0000008 1998092600 1998 09 26 00  277.000   24.500   981.29
0000008 1998092606 1998 09 26 06  276.250   25.250   979.46
0000009 1998102506 1998 10 25 06  279.000   14.750  1010.07
0000009 1998102512 1998 10 25 12  279.000   15.750  1008.88
0000009 1998102518 1998 10 25 18  279.750   14.750  1007.93
0000009 1998102600 1998 10 26 00  279.750   16.000  1006.39
0000009 1998102606 1998 10 26 06  278.500   16.500  1005.14
0000009 1998102612 1998 10 26 12  277.250   16.250  1001.99
0000009 1998102618 1998 10 26 18  277.500   16.750  1001.10
0000009 1998102700 1998 10 27 00  276.750   17.000   996.98
0000009 1998102706 1998 10 27 06  276.500   17.000   995.18
0000009 1998102712 1998 10 27 12  275.250   17.500   990.39
