0000001 1995071300 1995 07 13 00  288.750   10.750  1004.39
0000001 1995071306 1995 07 13 06  288.500   10.500  1006.09
0000001 1995071312 1995 07 13 12  288.250   10.750  1007.55
0000001 1995071318 1995 07 13 18  288.000    9.000  1006.09
0000001 1995071400 1995 07 14 00  287.750    9.500  1006.07
0000001 1995071406 1995 07 14 06  288.750   11.000  1008.73
0000001 1995071412 1995 07 14 12  288.250   10.250  1009.70
0000001 1995071418 1995 07 14 18  288.000    9.000  1007.29
0000002 1995071206 1995 07 12 06  302.000   19.500  1011.79
0000002 1995071212 1995 07 12 12  300.750   20.000  1011.11
0000002 1995071218 1995 07 12 18  299.500   20.750  1009.44
0000002 1995071300 1995 07 13 00  298.250   21.750  1006.82
0000002 1995071306 1995 07 13 06  297.250   22.500  1006.41
0000002 1995071312 1995 07 13 12  296.250   23.250  1006.42
0000002 1995071318 1995 07 13 18  294.750   23.750  1005.20
0000002 1995071400 1995 07 14 00  293.500   23.500  1005.52
0000002 1995071406 1995 07 14 06  292.500   23.500  1004.99
0000002 1995071412 1995 07 14 12  291.500   23.000  1005.56
0000002 1995071418 1995 07 14 18  290.500   22.500  1004.63
0000002 1995071500 1995 07 15 00  289.500   22.000  1005.10
0000002 1995071506 1995 07 15 06  288.250   21.750  1005.06
0000002 1995071512 1995 07 15 12  287.000   21.250  1005.04
0000002 1995071518 1995 07 15 18  286.000   21.000  1006.06
0000002 1995071600 1995 07 16 00  285.750   20.750  1006.00
0000002 1995071606 1995 07 16 06  285.000   20.750  1007.20
0000002 1995071612 1995 07 16 12  284.500   20.750  1009.10
0000002 1995071618 1995 07 16 18  285.000   21.250  1010.16
0000002 1995071700 1995 07 17 00  284.500   22.000  1009.83
0000002 1995071706 1995 07 17 06  284.250   22.000  1010.73
0000002 1995071712 1995 07 17 12  284.250   22.750  1010.44
0000002 1995071718 1995 07 17 18  284.250   23.000  1011.04
0000002 1995071800 1995 07 18 00  284.250   23.250  1011.72
0000002 1995071806 1995 07 18 06  283.750   23.750  1011.84
0000002 1995071812 1995 07 18 12  283.500   24.250  1012.80
0000003 1995073006 1995 07 30 06  286.250   19.750  1009.88
0000003 1995073012 1995 07 30 12  287.000   20.500  1009.76
0000003 1995073018 1995 07 30 18  285.500   21.000  1009.05
0000003 1995073100 1995 07 31 00  285.750   21.250  1008.42
0000003 1995073106 1995 07 31 06  286.500   21.750  1007.39
0000003 1995073112 1995 07 31 12  286.500   22.250  1006.48
0000003 1995073118 1995 07 31 18  285.000   23.250  1005.32
0000003 1995080100 1995 08 01 00  285.000   23.500  1003.71
0000003 1995080106 1995 08 01 06  284.000   24.250  1000.64
0000003 1995080112 1995 08 01 12  283.250   25.250   998.76
0000003 1995080118 1995 08 01 18  282.750   26.000   997.48
0000004 1995073106 1995 07 31 06  310.250   12.250  1010.35
0000004 1995073112 1995 07 31 12  310.250   12.750  1011.42
0000004 1995073118 1995 07 31 18  310.000   14.000  1010.10
0000004 1995080100 1995 08 01 00  309.250   13.500  1011.17
0000004 1995080106 1995 08 01 06  308.250   14.000  1009.55
0000004 1995080112 1995 08 01 12  307.000   14.250  1010.79
0000004 1995080118 1995 08 01 18  305.750   14.750  1009.54
0000004 1995080200 1995 08 02 00  304.500   15.000  1009.94
0000004 1995080206 1995 08 02 06  303.000   15.000  1008.76
0000004 1995080212 1995 08 02 12  301.750   15.250  1009.39
0000004 1995080218 1995 08 02 18  300.250   15.250  1008.86
0000004 1995080300 1995 08 03 00  299.250   15.500  1008.78
0000004 1995080306 1995 08 03 06  297.500   16.000  1007.37
0000004 1995080312 1995 08 03 12  296.000   16.000  1007.98
0000004 1995080318 1995 08 03 18  294.750   16.500  1007.31
0000004 1995080400 1995 08 04 00  293.000   16.750  1006.73
0000005 1995081106 1995 08 11 06  306.000   20.250   991.09
0000005 1995081112 1995 08 11 12  304.500   20.750   989.55
0000005 1995081118 1995 08 11 18  303.500   21.000   986.33
0000005 1995081200 1995 08 12 00  302.500   22.000   985.50
0000005 1995081206 1995 08 12 06  301.000   23.000   981.11
0000005 1995081212 1995 08 12 12  299.750   23.250   980.04
0000005 1995081218 1995 08 12 18  299.000   24.500   979.48
0000005 1995081300 1995 08 13 00  298.250   25.250   977.68
0000005 1995081306 1995 08 13 06  297.750   25.750   977.27
0000005 1995081312 1995 08 13 12  297.500   26.500   980.97
0000006 1995081612 1995 08 16 12  300.500   16.750  1013.36
0000006 1995081618 1995 08 16 18  299.000   17.500  1013.23
0000006 1995081700 1995 08 17 00  298.750   18.750  1013.21
0000006 1995081706 1995 08 17 06  297.250   19.000  1011.74
0000006 1995081712 1995 08 17 12  296.000   19.250  1011.20
0000006 1995081718 1995 08 17 18  295.250   20.000  1009.90
0000006 1995081800 1995 08 18 00  293.500   20.250  1008.52
0000006 1995081806 1995 08 18 06  292.500   20.000  1007.77
0000006 1995081812 1995 08 18 12  292.000   21.000  1006.52
0000006 1995081818 1995 08 18 18  290.750   21.500  1005.05
0000006 1995081900 1995 08 19 00  290.750   21.750  1004.73
0000006 1995081906 1995 08 19 06  290.000   22.500  1003.37
0000006 1995081912 1995 08 19 12  289.500   22.750  1004.09
0000006 1995081918 1995 08 19 18  288.750   23.500  1004.00
0000006 1995082000 1995 08 20 00  288.500   24.000  1002.81
0000006 1995082006 1995 08 20 06  287.500   24.000  1003.42
0000006 1995082012 1995 08 20 12  287.000   24.500  1003.16
0000006 1995082018 1995 08 20 18  286.500   24.750  1002.90
0000006 1995082100 1995 08 21 00  286.000   25.000  1002.88
0000006 1995082106 1995 08 21 06  285.500   25.000  1000.05
0000006 1995082112 1995 08 21 12  285.000   25.750  1001.45
0000006 1995082118 1995 08 21 18  284.250   26.500  1008.80
0000007 1995082612 1995 08 26 12  312.000   20.500   992.09
0000007 1995082618 1995 08 26 18  311.750   21.500   990.31
0000007 1995082700 1995 08 27 00  311.500   22.000   993.40
0000007 1995082706 1995 08 27 06  311.250   23.000   991.56
0000007 1995082712 1995 08 27 12  311.000   23.750   992.39
0000007 1995082718 1995 08 27 18  311.000   24.500   991.70
0000007 1995082800 1995 08 28 00  310.750   25.500   995.51
0000007 1995082806 1995 08 28 06  310.750   25.750   997.51
0000008 1995083000 1995 08 30 00  312.250   19.500  1011.17
0000008 1995083006 1995 08 30 06  311.000   20.500  1009.83
0000008 1995083012 1995 08 30 12  310.250   21.250  1010.62
0000008 1995083018 1995 08 30 18  309.250   22.500  1009.79
0000008 1995083100 1995 08 31 00  308.500   23.750  1010.09
0000009 1995083106 1995 08 31 06  298.750   26.500  1009.05
0000009 1995083112 1995 08 31 12  299.000   26.250  1008.38
0000009 1995083118 1995 08 31 18  299.500   25.250  1007.23
0000009 1995090100 1995 09 01 00  300.500   25.000  1006.63
0000009 1995090106 1995 09 01 06  300.500   24.750  1004.19
0000009 1995090112 1995 09 01 12  301.250   25.750  1003.59
0000009 1995090118 1995 09 01 18  300.000   25.750  1001.34
0000009 1995090200 1995 09 02 00  301.250   25.750   999.31
0000010 1995090212 1995 09 02 12  312.000   17.250   996.43
0000010 1995090218 1995 09 02 18  310.500   17.500   991.22
0000010 1995090300 1995 09 03 00  309.000   17.750   988.36
0000010 1995090306 1995 09 03 06  307.750   17.750   984.43
0000010 1995090312 1995 09 03 12  306.500   18.000   981.14
0000010 1995090318 1995 09 03 18  305.250   18.000   976.73
0000010 1995090400 1995 09 04 00  304.250   17.750   976.44
0000010 1995090406 1995 09 04 06  303.000   17.750   972.66
0000010 1995090412 1995 09 04 12  301.750   17.750   970.35
0000010 1995090418 1995 09 04 18  300.750   17.750   964.82
0000010 1995090500 1995 09 05 00  299.750   17.750   959.22
0000010 1995090506 1995 09 05 06  298.750   18.000   955.93
0000010 1995090512 1995 09 05 12  297.750   18.250   957.01
0000010 1995090518 1995 09 05 18  297.000   18.500   956.47
0000010 1995090600 1995 09 06 00  296.500   18.750   956.44
0000010 1995090606 1995 09 06 06  295.750   19.000   957.93
0000010 1995090612 1995 09 06 12  295.500   19.750   955.59
0000010 1995090618 1995 09 06 18  295.000   20.250   951.14
0000010 1995090700 1995 09 07 00  294.500   21.000   946.54
0000010 1995090706 1995 09 07 06  293.750   21.250   945.06
0000010 1995090712 1995 09 07 12  293.250   22.000   942.42
0000010 1995090718 1995 09 07 18  292.750   22.750   938.77
0000010 1995090800 1995 09 08 00  292.000   23.750   939.21
0000010 1995090806 1995 09 08 06  291.250   24.250   942.88
0000010 1995090812 1995 09 08 12  291.000   25.250   946.80
0000010 1995090818 1995 09 08 18  290.500   26.750   955.95
0000011 1995091200 1995 09 12 00  312.750   10.250  1010.69
0000011 1995091206 1995 09 12 06  312.250   11.250  1008.51
0000011 1995091212 1995 09 12 12  311.250   11.000  1008.82
0000011 1995091218 1995 09 12 18  310.500   11.500  1006.83
0000011 1995091300 1995 09 13 00  309.750   12.500  1007.93
0000011 1995091306 1995 09 13 06  308.750   13.500  1006.62
0000011 1995091312 1995 09 13 12  307.500   14.000  1008.28
0000011 1995091318 1995 09 13 18  305.750   14.250  1006.89
0000011 1995091400 1995 09 14 00  304.500   14.500  1007.05
0000011 1995091406 1995 09 14 06  303.750   14.750  1006.42
0000011 1995091412 1995 09 14 12  303.250   16.500  1007.60
0000011 1995091418 1995 09 14 18  301.500   17.000  1006.67
0000011 1995091500 1995 09 15 00  300.250   17.250  1005.92
0000012 1995091506 1995 09 15 06  298.750   18.750  1005.37
0000012 1995091512 1995 09 15 12  297.250   18.250  1002.35
0000012 1995091518 1995 09 15 18  296.250   18.750   999.59
0000012 1995091600 1995 09 16 00  295.500   18.750   997.96
0000012 1995091606 1995 09 16 06  294.750   19.250   993.31
0000012 1995091612 1995 09 16 12  294.000   19.500   990.79
0000012 1995091618 1995 09 16 18  293.250   20.000   985.91
0000012 1995091700 1995 09 17 00  293.000   20.250   983.33
0000012 1995091706 1995 09 17 06  292.500   21.000   980.32
0000012 1995091712 1995 09 17 12  292.000   22.250   980.37
0000012 1995091718 1995 09 17 18  291.250   23.250   975.67
0000012 1995091800 1995 09 18 00  290.500   24.250   973.05
0000012 1995091806 1995 09 18 06  289.750   25.000   974.24
0000012 1995091812 1995 09 18 12  290.250   25.500   975.36
0000013 1995100706 1995 10 07 06  309.500   13.750  1004.93
0000013 1995100712 1995 10 07 12  307.750   13.250  1007.88
0000013 1995100718 1995 10 07 18  306.750   13.250  1005.78
0000013 1995100800 1995 10 08 00  306.250   13.500  1007.98
0000013 1995100806 1995 10 08 06  305.000   13.250  1007.06
0000013 1995100812 1995 10 08 12  303.750   14.250  1008.81
0000014 1995100806 1995 10 08 06  278.250   15.250  1006.79
0000014 1995100812 1995 10 08 12  278.750   16.750  1004.88
0000014 1995100818 1995 10 08 18  278.750   17.500  1004.76
0000014 1995100900 1995 10 09 00  278.000   18.250  1002.42
0000014 1995100906 1995 10 09 06  277.750   18.000  1001.99
0000014 1995100912 1995 10 09 12  277.750   18.000   999.56
0000014 1995100918 1995 10 09 18  277.250   18.750   997.28
0000014 1995101000 1995 10 10 00  276.750   18.250   994.87
0000014 1995101006 1995 10 10 06  277.000   18.500   993.14
0000014 1995101012 1995 10 10 12  276.250   19.500   992.01
0000015 1995101718 1995 10 17 18  282.500   12.250  1009.41
0000015 1995101800 1995 10 18 00  281.000   12.250  1009.35
0000015 1995101806 1995 10 18 06  280.500   11.500  1009.13
0000015 1995101812 1995 10 18 12  280.000   11.250  1008.55
0000015 1995101818 1995 10 18 18  280.500   11.250  1008.01
0000015 1995101900 1995 10 19 00  280.750   11.500  1007.20
0000015 1995101906 1995 10 19 06  280.750   11.500  1007.26
0000015 1995101912 1995 10 19 12  280.500   11.500  1006.13
0000015 1995101918 1995 10 19 18  280.750   11.250  1005.78
0000015 1995102000 1995 10 20 00  281.250   11.250  1004.31
0000015 1995102006 1995 10 20 06  281.750   11.500  1003.82
0000015 1995102012 1995 10 20 12  281.750   11.250  1003.57
0000015 1995102018 1995 10 20 18  281.750   11.500  1002.20
0000015 1995102100 1995 10 21 00  281.750   12.000  1000.75
0000015 1995102106 1995 10 21 06  281.250   12.000  1002.08
0000015 1995102112 1995 10 21 12  281.250   12.500  1001.82
0000015 1995102118 1995 10 21 18  280.500   12.750  1001.77
0000015 1995102200 1995 10 22 00  280.500   13.000  1002.32
0000015 1995102206 1995 10 22 06  279.250   13.500  1003.57
0000015 1995102212 1995 10 22 12  278.000   13.000  1003.60
0000015 1995102218 1995 10 22 18  278.000   12.250  1003.71
0000015 1995102300 1995 10 23 00  277.000   12.500  1003.19
0000015 1995102306 1995 10 23 06  276.250   11.750  1005.19
0000015 1995102312 1995 10 23 12  276.000   11.000  1007.29
0000015 1995102318 1995 10 23 18  276.000   11.000  1009.12
0000016 1995102618 1995 10 26 18  300.500   26.500  1009.53
0000016 1995102700 1995 10 27 00  300.750   26.000  1009.94
0000016 1995102706 1995 10 27 06  300.500   26.750  1006.36
0000016 1995102712 1995 10 27 12  300.500   26.000  1006.80
0000016 1995102718 1995 10 27 18  302.000   25.750  1004.22
0000017 1995101918 1995 10 19 18  305.500   14.500  1008.79
0000017 1995102000 1995 10 20 00  305.250   13.250  1010.35
0000017 1995102006 1995 10 20 06  304.750   14.750  1009.28
0000017 1995102012 1995 10 20 12  304.000   14.250  1011.52
0000017 1995102018 1995 10 20 18  303.750   15.500  1010.38
0000017 1995102100 1995 10 21 00  303.500   16.500  1011.51
0000017 1995102106 1995 10 21 06  303.000   16.250  1011.03
0000017 1995102112 1995 10 21 12  301.750   17.500  1012.89
0000017 1995102118 1995 10 21 18  301.750   18.750  1011.29
0000017 1995102200 1995 10 22 00  302.000   19.000  1012.80
0000017 1995102206 1995 10 22 06  302.000   19.750  1011.58
0000017 1995102212 1995 10 22 12  302.250   19.750  1011.86
0000017 1995102218 1995 10 22 18  302.500   19.750  1010.16
0000017 1995102300 1995 10 23 00  302.250   20.250  1011.43
0000017 1995102306 1995 10 23 06  301.500   20.250  1009.83
0000017 1995102312 1995 10 23 12  300.000   20.750  1010.99
0000017 1995102318 1995 10 23 18  298.750   20.500  1009.64
0000017 1995102400 1995 10 24 00  297.500   20.750  1010.25
0000017 1995102406 1995 10 24 06  296.750   20.250  1009.27
0000017 1995102412 1995 10 24 12  295.250   20.750  1010.03
0000017 1995102418 1995 10 24 18  295.000   20.500  1008.33
0000017 1995102500 1995 10 25 00  294.750   20.750  1008.19
0000017 1995102506 1995 10 25 06  294.750   21.250  1006.81
0000017 1995102512 1995 10 25 12  294.000   21.250  1007.36
0000017 1995102518 1995 10 25 18  294.250   21.750  1005.72
0000017 1995102600 1995 10 26 00  294.500   22.000  1005.86
0000017 1995102606 1995 10 26 06  294.250   22.000  1004.65
0000017 1995102612 1995 10 26 12  294.000   22.000  1004.85
0000017 1995102618 1995 10 26 18  294.000   21.500  1003.83
0000017 1995102700 1995 10 27 00  294.500   22.250  1004.77
0000017 1995102706 1995 10 27 06  294.000   21.500  1004.64
0000017 1995102712 1995 10 27 12  294.500   22.000  1005.94
0000017 1995102718 1995 10 27 18  294.000   21.500  1004.98
0000017 1995102800 1995 10 28 00  294.250   21.500  1006.91
0000017 1995102806 1995 10 28 06  293.500   20.750  1006.83
0000017 1995102812 1995 10 28 12  293.250   20.750  1008.07
0000017 1995102818 1995 10 28 18  292.250   20.250  1007.38
0000017 1995102900 1995 10 29 00  292.250   20.000  1008.20
0000017 1995102906 1995 10 29 06  291.500   19.750  1008.23
0000017 1995102912 1995 10 29 12  291.000   19.750  1009.75
0000017 1995102918 1995 10 29 18  290.000   19.250  1009.93
