0000001 2008062200 2008 06 22 00  288.500   10.500  1006.76
0000001 2008062206 2008 06 22 06  288.000   10.250  1008.28
0000001 2008062212 2008 06 22 12  288.750    9.750  1009.24
0000001 2008062218 2008 06 22 18  288.750   10.750  1008.07
0000001 2008062300 2008 06 23 00  288.500   10.750  1007.99
0000001 2008062306 2008 06 23 06  288.500   10.250  1009.68
0000001 2008062312 2008 06 23 12  288.750    9.750  1011.37
0000001 2008062318 2008 06 23 18  288.750   10.750  1009.34
0000002 2008070700 2008 07 07 00  311.500   18.250  1010.72
0000002 2008070706 2008 07 07 06  309.750   17.750  1009.05
0000002 2008070712 2008 07 07 12  308.500   18.250  1010.66
0000002 2008070718 2008 07 07 18  307.500   19.000  1009.76
0000002 2008070800 2008 07 08 00  307.000   20.000  1009.76
0000002 2008070806 2008 07 08 06  305.750   20.250  1008.14
0000002 2008070812 2008 07 08 12  304.500   20.750  1009.99
0000002 2008070818 2008 07 08 18  303.250   21.000  1010.17
0000002 2008070900 2008 07 09 00  302.500   21.250  1011.07
0000002 2008070906 2008 07 09 06  301.250   21.250  1010.26
0000002 2008070912 2008 07 09 12  300.250   21.750  1011.85
0000002 2008070918 2008 07 09 18  300.000   22.250  1012.05
0000002 2008071000 2008 07 10 00  299.250   22.500  1013.19
0000002 2008071006 2008 07 10 06  299.500   23.500  1012.88
0000002 2008071012 2008 07 10 12  299.500   24.500  1013.96
0000003 2008071606 2008 07 16 06  284.500   14.750  1010.61
0000003 2008071612 2008 07 16 12  283.000   14.500  1009.93
0000003 2008071618 2008 07 16 18  281.500   14.500  1009.92
0000003 2008071700 2008 07 17 00  280.250   14.250  1008.27
0000003 2008071706 2008 07 17 06  279.000   14.250  1007.22
0000003 2008071712 2008 07 17 12  277.750   13.750  1005.31
0000003 2008071718 2008 07 17 18  277.000   14.000  1004.32
0000003 2008071800 2008 07 18 00  276.250   13.500  1003.42
0000003 2008071806 2008 07 18 06  275.750   13.000  1005.29
0000003 2008071812 2008 07 18 12  275.500   13.250  1006.42
0000004 2008080900 2008 08 09 00  288.500   10.000  1005.95
0000004 2008080906 2008 08 09 06  288.500   10.250  1007.35
0000004 2008080912 2008 08 09 12  288.250   10.250  1008.53
0000004 2008080918 2008 08 09 18  287.750    9.250  1007.05
0000004 2008081000 2008 08 10 00  288.500    9.250  1007.50
0000004 2008081006 2008 08 10 06  288.750    9.750  1008.96
0000004 2008081012 2008 08 10 12  288.250   10.000  1009.38
0000005 2008081300 2008 08 13 00  305.000   16.500  1009.29
0000005 2008081306 2008 08 13 06  304.250   17.500  1008.56
0000005 2008081312 2008 08 13 12  302.750   17.250  1009.73
0000005 2008081318 2008 08 13 18  302.250   18.000  1009.37
0000005 2008081400 2008 08 14 00  301.250   18.750  1010.24
0000005 2008081406 2008 08 14 06  300.250   19.000  1008.95
0000006 2008081412 2008 08 14 12  298.250   19.250  1009.49
0000006 2008081418 2008 08 14 18  297.250   19.250  1008.69
0000006 2008081500 2008 08 15 00  296.000   20.000  1009.27
0000006 2008081506 2008 08 15 06  294.250   20.250  1007.85
0000006 2008081512 2008 08 15 12  292.750   20.500  1006.28
0000006 2008081518 2008 08 15 18  291.000   20.500  1004.51
0000006 2008081600 2008 08 16 00  289.500   20.500  1003.57
0000006 2008081606 2008 08 16 06  288.000   20.750  1002.15
0000006 2008081612 2008 08 16 12  286.500   21.000  1002.14
0000007 2008081618 2008 08 16 18  284.500   21.250  1001.57
0000007 2008081700 2008 08 17 00  283.250   21.250   998.35
0000007 2008081706 2008 08 17 06  281.750   21.250   999.95
0000007 2008081712 2008 08 17 12  281.000   21.500   999.03
0000007 2008081718 2008 08 17 18  279.500   21.750   998.91
0000007 2008081800 2008 08 18 00  278.750   22.500   998.00
0000007 2008081806 2008 08 18 06  277.750   22.000   996.69
0000007 2008081812 2008 08 18 12  277.250   22.000   994.96
0000007 2008081818 2008 08 18 18  277.250   22.000   996.55
0000007 2008081900 2008 08 19 00  277.750   22.500   996.15
0000007 2008081906 2008 08 19 06  277.500   22.750   996.48
0000007 2008081912 2008 08 19 12  278.250   23.500   996.38
0000007 2008081918 2008 08 19 18  278.750   24.500   996.48
0000007 2008082000 2008 08 20 00  280.250   24.750   998.07
0000007 2008082006 2008 08 20 06  280.750   25.500   998.26
0000008 2008082506 2008 08 25 06  290.250   16.750  1007.11
0000008 2008082512 2008 08 25 12  288.750   17.250  1007.92
0000008 2008082518 2008 08 25 18  287.250   17.750  1007.63
0000008 2008082600 2008 08 26 00  285.500   17.750  1007.81
0000008 2008082606 2008 08 26 06  285.000   17.750  1007.68
0000008 2008082612 2008 08 26 12  285.000   19.000  1007.62
0000008 2008082618 2008 08 26 18  286.250   19.000  1007.62
0000008 2008082700 2008 08 27 00  285.000   18.500  1006.50
0000008 2008082706 2008 08 27 06  285.500   19.500  1006.70
0000008 2008082712 2008 08 27 12  284.750   18.750  1005.55
0000008 2008082718 2008 08 27 18  284.500   18.750  1005.40
0000008 2008082800 2008 08 28 00  284.500   19.250  1002.74
0000008 2008082806 2008 08 28 06  283.500   18.750  1002.74
0000008 2008082812 2008 08 28 12  282.750   17.750  1001.85
0000008 2008082818 2008 08 28 18  283.000   17.250  1000.34
0000008 2008082900 2008 08 29 00  283.250   17.500   995.64
0000008 2008082906 2008 08 29 06  282.500   17.500   993.34
0000008 2008082912 2008 08 29 12  281.750   18.000   990.41
0000008 2008082918 2008 08 29 18  281.250   18.250   987.46
0000008 2008083000 2008 08 30 00  280.500   18.750   980.43
0000008 2008083006 2008 08 30 06  279.500   19.500   976.37
0000008 2008083012 2008 08 30 12  278.750   20.500   972.20
0000008 2008083018 2008 08 30 18  277.750   21.000   970.32
0000008 2008083100 2008 08 31 00  277.250   21.750   970.54
0000008 2008083106 2008 08 31 06  276.500   22.750   975.61
0000008 2008083112 2008 08 31 12  275.750   24.250   976.80
0000009 2008082918 2008 08 29 18  295.750   20.250  1008.58
0000009 2008083000 2008 08 30 00  295.000   20.250  1008.91
0000009 2008083006 2008 08 30 06  295.250   20.000  1008.12
0000009 2008083012 2008 08 30 12  294.750   20.500  1007.67
0000009 2008083018 2008 08 30 18  293.250   20.750  1006.65
0000009 2008083100 2008 08 31 00  293.500   21.000  1005.82
0000009 2008083106 2008 08 31 06  293.000   22.000  1004.92
0000009 2008083112 2008 08 31 12  292.000   23.000  1003.73
0000009 2008083118 2008 08 31 18  291.000   23.500  1002.53
0000009 2008090100 2008 09 01 00  289.500   23.500  1001.11
0000009 2008090106 2008 09 01 06  288.250   23.000   999.40
0000009 2008090112 2008 09 01 12  288.250   22.500   995.97
0000009 2008090118 2008 09 01 18  288.000   22.250   990.77
0000009 2008090200 2008 09 02 00  288.000   22.000   987.12
0000009 2008090206 2008 09 02 06  287.500   21.500   984.70
0000009 2008090212 2008 09 02 12  287.500   21.250   980.98
0000009 2008090218 2008 09 02 18  287.500   21.000   975.83
0000009 2008090300 2008 09 03 00  287.750   20.750   974.15
0000009 2008090306 2008 09 03 06  287.750   21.250   975.34
0000009 2008090312 2008 09 03 12  287.250   21.250   977.22
0000009 2008090318 2008 09 03 18  287.500   21.750   978.64
0000009 2008090400 2008 09 04 00  286.750   21.750   975.56
0000009 2008090406 2008 09 04 06  286.500   21.750   977.81
0000009 2008090412 2008 09 04 12  285.500   23.000   981.19
0000009 2008090418 2008 09 04 18  285.000   23.500   982.01
0000009 2008090500 2008 09 05 00  284.500   24.000   983.05
0000010 2008090300 2008 09 03 00  312.500   19.750  1002.25
0000010 2008090306 2008 09 03 06  311.000   20.250   999.69
0000010 2008090312 2008 09 03 12  309.250   20.750   999.60
0000010 2008090318 2008 09 03 18  307.500   21.250   996.41
0000010 2008090400 2008 09 04 00  306.000   22.000   993.84
0000010 2008090406 2008 09 04 06  304.250   22.500   991.24
0000010 2008090412 2008 09 04 12  302.750   23.250   992.03
0000010 2008090418 2008 09 04 18  301.500   23.750   989.47
0000010 2008090500 2008 09 05 00  300.000   24.000   989.85
0000010 2008090506 2008 09 05 06  298.750   24.000   987.46
0000010 2008090512 2008 09 05 12  297.250   23.750   988.29
0000010 2008090518 2008 09 05 18  296.250   23.500   983.20
0000010 2008090600 2008 09 06 00  295.000   23.250   985.27
0000010 2008090606 2008 09 06 06  293.500   22.750   982.93
0000010 2008090612 2008 09 06 12  292.250   22.000   982.68
0000010 2008090618 2008 09 06 18  290.750   21.750   979.28
0000010 2008090700 2008 09 07 00  289.500   21.250   975.19
0000010 2008090706 2008 09 07 06  288.250   21.000   970.34
0000010 2008090712 2008 09 07 12  287.000   20.750   968.36
0000010 2008090718 2008 09 07 18  285.750   20.500   968.48
0000010 2008090800 2008 09 08 00  284.750   20.500   971.39
0000010 2008090806 2008 09 08 06  283.500   20.750   975.22
0000010 2008090812 2008 09 08 12  282.250   20.750   977.42
0000010 2008090818 2008 09 08 18  281.000   21.000   975.11
0000010 2008090900 2008 09 09 00  280.000   21.250   971.20
0000010 2008090906 2008 09 09 06  278.750   21.500   970.03
0000010 2008090912 2008 09 09 12  278.000   21.750   968.49
0000010 2008090918 2008 09 09 18  277.500   22.500   968.28
0000010 2008091000 2008 09 10 00  276.500   23.000   968.61
0000010 2008091006 2008 09 10 06  276.000   23.500   967.60
0000010 2008091012 2008 09 10 12  275.250   23.750   965.86
0000011 2008090912 2008 09 09 12  297.250   20.750  1014.18
0000011 2008090918 2008 09 09 18  297.000   20.500  1013.86
0000011 2008091000 2008 09 10 00  297.000   21.500  1014.24
0000011 2008091006 2008 09 10 06  296.500   21.000  1012.90
0000011 2008091012 2008 09 10 12  296.250   22.000  1012.83
0000011 2008091018 2008 09 10 18  295.500   22.500  1012.35
0000011 2008091100 2008 09 11 00  294.750   23.250  1012.90
0000012 2008091106 2008 09 11 06  292.500   23.250  1011.09
0000012 2008091112 2008 09 11 12  291.000   23.000  1011.80
0000012 2008091118 2008 09 11 18  289.250   23.000  1010.96
0000012 2008091200 2008 09 12 00  288.000   22.500  1010.29
0000012 2008091206 2008 09 12 06  287.000   22.000  1009.39
0000012 2008091212 2008 09 12 12  285.500   21.750  1008.96
0000012 2008091218 2008 09 12 18  284.750   21.500  1007.79
0000012 2008091300 2008 09 13 00  284.000   21.250  1006.95
0000012 2008091306 2008 09 13 06  283.000   21.500  1007.15
0000012 2008091312 2008 09 13 12  281.750   21.500  1006.79
0000012 2008091318 2008 09 13 18  280.500   21.500  1007.65
0000012 2008091400 2008 09 14 00  279.000   21.500  1007.65
0000012 2008091406 2008 09 14 06  278.250   21.500  1007.74
0000012 2008091412 2008 09 14 12  277.500   22.250  1008.08
0000012 2008091418 2008 09 14 18  276.250   22.750  1009.82
0000012 2008091500 2008 09 15 00  275.500   22.500  1009.89
0000013 2008092012 2008 09 20 12  294.000   17.000  1011.44
0000013 2008092018 2008 09 20 18  295.250   17.500  1010.64
0000013 2008092100 2008 09 21 00  294.500   18.000  1011.27
0000013 2008092106 2008 09 21 06  294.250   18.500  1010.64
0000013 2008092112 2008 09 21 12  294.000   19.000  1011.01
0000013 2008092118 2008 09 21 18  293.000   19.250  1009.09
0000013 2008092200 2008 09 22 00  292.750   19.000  1008.67
0000013 2008092206 2008 09 22 06  292.250   19.000  1007.84
0000013 2008092212 2008 09 22 12  292.750   19.000  1006.81
0000013 2008092218 2008 09 22 18  292.500   19.000  1004.56
0000013 2008092300 2008 09 23 00  292.000   19.250  1002.20
0000013 2008092306 2008 09 23 06  291.500   19.250   999.62
0000013 2008092312 2008 09 23 12  291.000   19.750   997.07
0000013 2008092318 2008 09 23 18  290.250   20.250   994.43
0000013 2008092400 2008 09 24 00  289.750   20.000   993.58
0000013 2008092406 2008 09 24 06  289.500   20.250   994.79
0000013 2008092412 2008 09 24 12  289.000   20.250   994.58
0000013 2008092418 2008 09 24 18  289.750   20.750   994.28
0000013 2008092500 2008 09 25 00  289.750   21.250   994.59
0000013 2008092506 2008 09 25 06  290.250   22.000   993.85
0000013 2008092512 2008 09 25 12  290.750   23.000   994.26
0000013 2008092518 2008 09 25 18  290.250   23.500   991.56
0000013 2008092600 2008 09 26 00  290.250   24.000   994.24
0000013 2008092606 2008 09 26 06  289.500   24.000   995.14
0000013 2008092612 2008 09 26 12  289.500   24.000   997.29
0000013 2008092618 2008 09 26 18  289.500   24.500   999.62
0000013 2008092700 2008 09 27 00  290.000   24.250  1000.53
0000013 2008092706 2008 09 27 06  290.000   24.250  1000.34
0000013 2008092712 2008 09 27 12  290.000   24.500  1002.26
0000013 2008092718 2008 09 27 18  289.000   24.750  1003.00
0000013 2008092800 2008 09 28 00  288.250   25.000  1003.58
0000013 2008092806 2008 09 28 06  287.250   25.000  1002.28
0000013 2008092812 2008 09 28 12  286.000   25.000  1004.29
0000013 2008092818 2008 09 28 18  284.750   25.250  1003.68
0000013 2008092900 2008 09 29 00  283.500   25.250  1004.53
0000013 2008092906 2008 09 29 06  282.750   25.500  1006.32
0000013 2008092912 2008 09 29 12  282.000   26.250  1010.16
0000014 2008101306 2008 10 13 06  290.750   17.000  1008.56
0000014 2008101312 2008 10 13 12  290.500   17.500  1008.35
0000014 2008101318 2008 10 13 18  290.500   17.000  1006.80
0000014 2008101400 2008 10 14 00  290.500   16.750  1006.26
0000014 2008101406 2008 10 14 06  290.250   17.250  1005.66
0000014 2008101412 2008 10 14 12  291.250   17.500  1005.06
0000014 2008101418 2008 10 14 18  291.250   17.250  1003.58
0000014 2008101500 2008 10 15 00  291.750   17.500  1002.95
0000014 2008101506 2008 10 15 06  291.500   17.000  1001.42
0000014 2008101512 2008 10 15 12  292.250   17.250  1001.65
0000014 2008101518 2008 10 15 18  292.000   17.250  1000.00
0000014 2008101600 2008 10 16 00  292.750   17.000  1000.05
0000015 2008101700 2008 10 17 00  281.500   15.000  1008.06
0000015 2008101706 2008 10 17 06  282.750   16.250  1008.93
0000015 2008101712 2008 10 17 12  281.500   15.750  1009.39
0000015 2008101718 2008 10 17 18  280.500   16.500  1009.15
0000015 2008101800 2008 10 18 00  280.250   16.250  1008.26
0000015 2008101806 2008 10 18 06  280.000   16.500  1008.35
0000015 2008101812 2008 10 18 12  280.000   16.750  1007.58
0000015 2008101818 2008 10 18 18  280.750   15.750  1007.38
0000015 2008101900 2008 10 19 00  281.000   16.750  1006.86
0000015 2008101906 2008 10 19 06  281.750   17.250  1005.93
0000015 2008101912 2008 10 19 12  281.500   17.750  1005.68
0000015 2008101918 2008 10 19 18  280.750   17.500  1005.25
0000015 2008102000 2008 10 20 00  281.000   18.250  1004.84
0000015 2008102006 2008 10 20 06  280.500   18.000  1005.28
0000015 2008102012 2008 10 20 12  280.250   18.250  1005.38
0000015 2008102018 2008 10 20 18  279.500   18.250  1005.13
0000015 2008102100 2008 10 21 00  279.250   18.750  1005.01
0000015 2008102106 2008 10 21 06  278.500   19.250  1005.57
0000015 2008102112 2008 10 21 12  277.250   19.500  1005.94
0000015 2008102118 2008 10 21 18  276.500   19.000  1007.19
0000015 2008102200 2008 10 22 00  276.500   18.250  1006.80
0000015 2008102206 2008 10 22 06  276.500   18.250  1008.31
0000015 2008102212 2008 10 22 12  276.500   19.500  1008.48
0000015 2008102218 2008 10 22 18  276.000   19.500  1009.33
0000015 2008102300 2008 10 23 00  275.750   18.250  1008.39
0000015 2008102306 2008 10 23 06  275.500   17.000  1009.90
0000015 2008102312 2008 10 23 12  276.000   17.500  1010.60
0000015 2008102318 2008 10 23 18  276.250   16.750  1011.15
0000015 2008102400 2008 10 24 00  276.000   17.750  1010.48
