0000001 1980060818 1980 06 08 18  288.750   10.750  1005.70
0000001 1980060900 1980 06 09 00  288.500   10.750  1004.91
0000001 1980060906 1980 06 09 06  288.250   10.750  1006.60
0000001 1980060912 1980 06 09 12  288.750    9.750  1006.57
0000001 1980060918 1980 06 09 18  288.750   10.750  1004.48
0000001 1980061000 1980 06 10 00  288.000    9.500  1004.22
0000001 1980061006 1980 06 10 06  288.500   10.750  1006.26
0000001 1980061012 1980 06 10 12  288.500   10.000  1007.42
0000001 1980061018 1980 06 10 18  288.000    8.750  1006.35
0000002 1980061100 1980 06 11 00  288.750   11.000  1006.22
0000002 1980061106 1980 06 11 06  288.250   11.000  1008.88
0000002 1980061112 1980 06 11 12  288.500   10.000  1010.15
0000002 1980061118 1980 06 11 18  289.000   11.000  1008.61
0000002 1980061200 1980 06 12 00  289.000   11.000  1008.05
0000002 1980061206 1980 06 12 06  288.250   11.000  1009.50
0000002 1980061212 1980 06 12 12  288.500   10.000  1010.85
0000002 1980061218 1980 06 12 18  288.750   10.750  1008.84
0000002 1980061300 1980 06 13 00  287.750    9.250  1007.52
0000003 1980061606 1980 06 16 06  288.250   10.750  1007.92
0000003 1980061612 1980 06 16 12  288.500   10.000  1009.27
0000003 1980061618 1980 06 16 18  288.750   10.750  1008.13
0000003 1980061700 1980 06 17 00  288.000    9.500  1007.56
0000003 1980061706 1980 06 17 06  288.500   10.500  1008.99
0000003 1980061712 1980 06 17 12  288.250   10.500  1009.59
0000003 1980061718 1980 06 17 18  287.750   10.000  1008.13
0000003 1980061800 1980 06 18 00  288.500    9.750  1007.98
0000003 1980061806 1980 06 18 06  288.750   11.000  1009.53
0000003 1980061812 1980 06 18 12  288.250   11.000  1009.35
0000004 1980072118 1980 07 21 18  288.000    9.000  1006.48
0000004 1980072200 1980 07 22 00  288.250   10.250  1007.14
0000004 1980072206 1980 07 22 06  288.250   10.250  1008.60
0000004 1980072212 1980 07 22 12  288.500   10.000  1009.58
0000004 1980072218 1980 07 22 18  288.000    9.000  1008.13
0000004 1980072300 1980 07 23 00  288.500   10.000  1007.71
0000004 1980072306 1980 07 23 06  288.250   10.250  1009.44
0000004 1980072312 1980 07 23 12  288.250   10.250  1010.13
0000004 1980072318 1980 07 23 18  288.000    9.000  1008.45
0000004 1980072400 1980 07 24 00  288.250   10.000  1008.75
0000004 1980072406 1980 07 24 06  288.500   10.750  1010.30
0000004 1980072412 1980 07 24 12  288.500   10.750  1011.36
0000004 1980072418 1980 07 24 18  288.000    9.000  1009.95
0000004 1980072500 1980 07 25 00  288.000    9.000  1009.26
0000004 1980072506 1980 07 25 06  288.500   10.000  1011.78
0000004 1980072512 1980 07 25 12  288.500   10.000  1012.35
0000004 1980072518 1980 07 25 18  288.750   10.750  1010.41
0000005 1980073006 1980 07 30 06  288.500   10.000  1008.84
0000005 1980073012 1980 07 30 12  288.250   10.000  1008.96
0000005 1980073018 1980 07 30 18  288.750   10.750  1007.24
0000005 1980073100 1980 07 31 00  288.500   10.750  1005.68
0000005 1980073106 1980 07 31 06  288.250   10.000  1008.17
0000006 1980081600 1980 08 16 00  288.750   10.750  1006.34
0000006 1980081606 1980 08 16 06  288.250   10.500  1007.60
0000006 1980081612 1980 08 16 12  288.500   10.250  1009.64
0000006 1980081618 1980 08 16 18  288.000    9.000  1008.40
0000006 1980081700 1980 08 17 00  288.250   10.000  1008.19
0000006 1980081706 1980 08 17 06  288.500   10.500  1009.77
0000006 1980081712 1980 08 17 12  288.500   10.250  1011.30
0000006 1980081718 1980 08 17 18  288.000    9.000  1009.48
0000006 1980081800 1980 08 18 00  288.250    9.250  1008.68
0000006 1980081806 1980 08 18 06  288.500   10.250  1011.40
0000006 1980081812 1980 08 18 12  288.500   10.250  1011.26
0000006 1980081818 1980 08 18 18  287.750    8.750  1009.28
0000006 1980081900 1980 08 19 00  287.750    9.000  1008.75
0000007 1980081718 1980 08 17 18  301.750   17.000  1013.89
0000007 1980081800 1980 08 18 00  301.000   17.500  1014.71
0000007 1980081806 1980 08 18 06  300.250   17.750  1013.58
0000007 1980081812 1980 08 18 12  299.750   18.500  1013.85
0000007 1980081818 1980 08 18 18  298.500   19.000  1013.27
0000007 1980081900 1980 08 19 00  297.750   19.500  1012.80
0000007 1980081906 1980 08 19 06  297.250   20.000  1011.79
0000007 1980081912 1980 08 19 12  296.500   20.500  1012.61
0000007 1980081918 1980 08 19 18  296.250   20.750  1011.74
0000007 1980082000 1980 08 20 00  296.500   21.250  1012.22
0000007 1980082006 1980 08 20 06  296.750   22.000  1011.01
0000007 1980082012 1980 08 20 12  296.750   22.500  1010.13
0000007 1980082018 1980 08 20 18  297.250   23.000  1007.92
0000007 1980082100 1980 08 21 00  298.000   23.750  1006.79
0000007 1980082106 1980 08 21 06  298.500   24.250  1005.24
0000007 1980082112 1980 08 21 12  299.250   25.250  1006.47
0000007 1980082118 1980 08 21 18  299.750   26.000  1007.28
0000008 1980091018 1980 09 10 18  288.000    8.750  1007.42
0000008 1980091100 1980 09 11 00  288.000    9.750  1006.84
0000008 1980091106 1980 09 11 06  288.500   11.250  1007.28
0000008 1980091112 1980 09 11 12  288.500    9.750  1008.46
0000008 1980091118 1980 09 11 18  288.000    8.750  1006.27
0000008 1980091200 1980 09 12 00  287.750    9.500  1005.93
0000008 1980091206 1980 09 12 06  288.500   10.750  1007.01
0000008 1980091212 1980 09 12 12  288.250   11.000  1008.12
0000009 1980091418 1980 09 14 18  312.250   21.000  1005.32
0000009 1980091500 1980 09 15 00  310.750   21.500  1007.11
0000009 1980091506 1980 09 15 06  309.750   22.500  1006.15
0000009 1980091512 1980 09 15 12  309.000   22.750  1008.22
0000009 1980091518 1980 09 15 18  308.500   23.750  1008.46
0000009 1980091600 1980 09 16 00  309.250   24.750  1011.35
0000009 1980091606 1980 09 16 06  309.750   26.500  1010.95
0000010 1980092012 1980 09 20 12  278.500   12.750  1008.95
0000010 1980092018 1980 09 20 18  279.250   12.500  1008.63
0000010 1980092100 1980 09 21 00  278.250   12.250  1006.93
0000010 1980092106 1980 09 21 06  277.250   12.500  1007.47
0000010 1980092112 1980 09 21 12  277.000   12.000  1004.95
0000010 1980092118 1980 09 21 18  277.250   12.250  1005.11
0000010 1980092200 1980 09 22 00  277.750   12.750  1003.83
0000010 1980092206 1980 09 22 06  278.500   14.250  1004.97
0000011 1980092212 1980 09 22 12  278.500   16.250  1005.17
0000011 1980092218 1980 09 22 18  278.250   18.000  1006.49
0000011 1980092300 1980 09 23 00  277.750   19.500  1005.73
0000011 1980092306 1980 09 23 06  277.250   20.500  1007.28
0000011 1980092312 1980 09 23 12  276.500   21.000  1006.25
0000011 1980092318 1980 09 23 18  276.000   21.250  1006.51
0000011 1980092400 1980 09 24 00  275.250   21.250  1006.05
0000011 1980092406 1980 09 24 06  275.500   22.000  1007.68
