0000001 1988062406 1988 06 24 06  303.250   14.750  1012.26
0000001 1988062412 1988 06 24 12  302.500   15.750  1013.59
0000001 1988062418 1988 06 24 18  301.250   16.500  1013.23
0000001 1988062500 1988 06 25 00  300.000   17.000  1012.95
0000001 1988062506 1988 06 25 06  298.750   17.500  1011.30
0000001 1988062512 1988 06 25 12  298.250   18.000  1011.39
0000001 1988062518 1988 06 25 18  297.250   19.000  1010.00
0000001 1988062600 1988 06 26 00  296.750   19.250  1009.17
0000001 1988062606 1988 06 26 06  296.000   20.000  1007.81
0000001 1988062612 1988 06 26 12  295.750   20.750  1008.65
0000001 1988062618 1988 06 26 18  295.500   22.000  1007.73
0000001 1988062700 1988 06 27 00  294.750   22.750  1008.92
0000001 1988062706 1988 06 27 06  294.000   23.750  1008.93
0000001 1988062712 1988 06 27 12  293.750   24.250  1011.08
0000001 1988062718 1988 06 27 18  293.500   25.250  1012.10
0000001 1988062800 1988 06 28 00  293.000   25.750  1012.75
0000001 1988062806 1988 06 28 06  292.000   25.750  1013.73
0000001 1988062812 1988 06 28 12  291.750   25.750  1014.78
0000001 1988062818 1988 06 28 18  291.500   26.250  1016.06
0000002 1988082418 1988 08 24 18  293.000   18.750  1004.19
0000002 1988082500 1988 08 25 00  291.500   19.250  1002.61
0000002 1988082506 1988 08 25 06  290.500   19.500  1002.45
0000002 1988082512 1988 08 25 12  289.000   20.250  1002.83
0000002 1988082518 1988 08 25 18  288.250   21.000  1002.12
0000002 1988082600 1988 08 26 00  287.250   21.750  1000.70
0000002 1988082606 1988 08 26 06  286.250   22.250  1001.11
0000002 1988082612 1988 08 26 12  285.250   23.000  1001.03
0000002 1988082618 1988 08 26 18  284.250   23.750  1000.87
0000002 1988082700 1988 08 27 00  283.250   24.250   999.56
0000002 1988082706 1988 08 27 06  282.000   24.500   999.62
0000002 1988082712 1988 08 27 12  281.250   24.750  1000.22
0000002 1988082718 1988 08 27 18  281.250   25.250   999.62
0000002 1988082800 1988 08 28 00  280.750   25.750  1001.79
0000002 1988082806 1988 08 28 06  280.500   26.500  1009.89
0000003 1988091018 1988 09 10 18  290.250   17.500  1006.28
0000003 1988091100 1988 09 11 00  289.250   16.250  1005.56
0000003 1988091106 1988 09 11 06  289.250   15.500  1005.74
0000003 1988091112 1988 09 11 12  288.750   15.750  1004.63
0000003 1988091118 1988 09 11 18  287.750   15.250  1005.35
0000003 1988091200 1988 09 12 00  288.000   16.500  1004.25
0000003 1988091206 1988 09 12 06  286.250   17.000  1001.22
0000003 1988091212 1988 09 12 12  285.250   17.500   997.47
0000003 1988091218 1988 09 12 18  283.750   18.000   996.75
0000004 1988092318 1988 09 23 18  312.250   14.500  1006.18
0000004 1988092400 1988 09 24 00  311.750   14.500  1006.94
0000004 1988092406 1988 09 24 06  311.500   16.000  1004.48
0000004 1988092412 1988 09 24 12  311.250   16.500  1006.09
0000004 1988092418 1988 09 24 18  311.000   17.500  1004.42
0000004 1988092500 1988 09 25 00  310.000   18.500  1003.61
0000004 1988092506 1988 09 25 06  310.250   19.250  1000.14
0000004 1988092512 1988 09 25 12  310.000   20.250   999.77
0000004 1988092518 1988 09 25 18  309.500   21.000   994.92
0000004 1988092600 1988 09 26 00  309.500   22.250   994.50
0000004 1988092606 1988 09 26 06  309.000   23.250   990.63
0000004 1988092612 1988 09 26 12  308.750   24.500   987.70
0000004 1988092618 1988 09 26 18  308.250   25.250   984.46
0000004 1988092700 1988 09 27 00  309.250   26.250   987.97
0000005 1988100318 1988 10 03 18  292.000   20.000  1011.20
0000005 1988100400 1988 10 04 00  291.000   20.250  1010.60
0000005 1988100406 1988 10 04 06  290.250   20.750  1009.31
0000005 1988100412 1988 10 04 12  289.250   21.750  1009.19
0000005 1988100418 1988 10 04 18  288.000   22.250  1008.17
0000005 1988100500 1988 10 05 00  287.250   22.500  1007.76
0000005 1988100506 1988 10 05 06  286.250   22.750  1006.98
0000005 1988100512 1988 10 05 12  285.250   23.750  1006.68
0000005 1988100518 1988 10 05 18  283.750   24.250  1006.15
0000005 1988100600 1988 10 06 00  282.500   24.500  1004.59
0000005 1988100606 1988 10 06 06  281.000   24.000  1005.38
0000005 1988100612 1988 10 06 12  279.750   23.750  1006.46
0000005 1988100618 1988 10 06 18  278.750   23.750  1007.61
0000005 1988100700 1988 10 07 00  277.750   23.500  1006.91
0000005 1988100706 1988 10 07 06  276.250   23.000  1008.22
0000005 1988100712 1988 10 07 12  275.250   22.250  1010.20
0000006 1988101218 1988 10 12 18  305.500   13.750  1011.24
0000006 1988101300 1988 10 13 00  305.000   14.250  1011.81
0000006 1988101306 1988 10 13 06  304.500   14.750  1010.54
0000006 1988101312 1988 10 13 12  303.000   14.750  1011.03
0000006 1988101318 1988 10 13 18  301.750   14.750  1009.46
0000006 1988101400 1988 10 14 00  301.250   15.000  1009.18
0000006 1988101406 1988 10 14 06  299.500   15.000  1007.94
0000006 1988101412 1988 10 14 12  299.000   15.250  1008.42
0000006 1988101418 1988 10 14 18  297.750   15.500  1006.74
0000006 1988101500 1988 10 15 00  296.250   15.500  1006.70
0000006 1988101506 1988 10 15 06  295.000   16.000  1005.64
0000006 1988101512 1988 10 15 12  293.750   16.750  1006.60
0000006 1988101518 1988 10 15 18  292.500   16.500  1005.21
0000006 1988101600 1988 10 16 00  291.750   17.250  1005.79
0000006 1988101606 1988 10 16 06  290.750   18.000  1005.56
0000006 1988101612 1988 10 16 12  290.250   19.750  1006.86
0000006 1988101618 1988 10 16 18  289.750   20.250  1006.06
0000006 1988101700 1988 10 17 00  289.000   20.750  1006.43
0000006 1988101706 1988 10 17 06  288.250   21.000  1006.23
0000006 1988101712 1988 10 17 12  287.500   21.500  1007.30
0000006 1988101718 1988 10 17 18  286.500   21.250  1007.12
0000006 1988101800 1988 10 18 00  286.000   21.250  1007.53
0000006 1988101806 1988 10 18 06  286.000   21.250  1007.13
0000006 1988101812 1988 10 18 12  285.250   21.000  1008.39
0000006 1988101818 1988 10 18 18  284.750   20.750  1008.22
