0000001 2017060206 2017 06 02 06  288.500    9.750  1010.20
0000001 2017060212 2017 06 02 12  288.500   10.000  1011.06
0000001 2017060218 2017 06 02 18  288.750   10.750  1008.56
0000001 2017060300 2017 06 03 00  288.750   10.750  1007.72
0000001 2017060306 2017 06 03 06  288.500   10.000  1008.60
0000001 2017060312 2017 06 03 12  288.500    9.750  1009.70
0000001 2017060318 2017 06 03 18  288.750   10.750  1007.23
0000001 2017060400 2017 06 04 00  288.500   10.750  1006.32
0000001 2017060406 2017 06 04 06  288.250   10.250  1007.37
0000001 2017060412 2017 06 04 12  288.500    9.750  1009.15
0000002 2017070300 2017 07 03 00  288.500   10.500  1008.69
0000002 2017070306 2017 07 03 06  288.250   10.250  1009.62
0000002 2017070312 2017 07 03 12  288.250   10.250  1011.21
0000002 2017070318 2017 07 03 18  287.750    9.000  1008.72
0000002 2017070400 2017 07 04 00  288.500   10.000  1009.01
0000002 2017070406 2017 07 04 06  288.250   10.500  1010.20
0000002 2017070412 2017 07 04 12  288.500    9.750  1011.47
0000003 2017070906 2017 07 09 06  288.250   10.250  1009.53
0000003 2017070912 2017 07 09 12  288.250   10.000  1010.43
0000003 2017070918 2017 07 09 18  288.750   10.750  1008.09
0000003 2017071000 2017 07 10 00  288.500   10.750  1007.11
0000003 2017071006 2017 07 10 06  288.250   10.250  1008.83
0000003 2017071012 2017 07 10 12  288.500    9.750  1010.32
0000003 2017071018 2017 07 10 18  288.750   10.750  1008.69
0000004 2017071118 2017 07 11 18  288.750   10.750  1008.55
0000004 2017071200 2017 07 12 00  288.250   10.000  1008.45
0000004 2017071206 2017 07 12 06  288.250   10.250  1010.41
0000004 2017071212 2017 07 12 12  288.500   10.000  1012.10
0000004 2017071218 2017 07 12 18  288.000    9.000  1010.45
0000005 2017071400 2017 07 14 00  289.000   11.000  1009.87
0000005 2017071406 2017 07 14 06  288.250   10.750  1011.26
0000005 2017071412 2017 07 14 12  288.250   10.250  1012.14
0000005 2017071418 2017 07 14 18  288.000    9.000  1010.05
0000005 2017071500 2017 07 15 00  288.250   10.000  1010.29
0000005 2017071506 2017 07 15 06  288.500   10.250  1011.78
0000005 2017071512 2017 07 15 12  288.500    9.750  1012.88
0000005 2017071518 2017 07 15 18  288.000    9.000  1011.23
0000005 2017071600 2017 07 16 00  287.750    9.000  1010.82
0000006 2017073000 2017 07 30 00  288.500   10.750  1008.40
0000006 2017073006 2017 07 30 06  288.500   10.000  1009.65
0000006 2017073012 2017 07 30 12  288.500   10.000  1011.14
0000006 2017073018 2017 07 30 18  288.750   10.750  1008.93
0000006 2017073100 2017 07 31 00  288.500   10.500  1009.29
0000006 2017073106 2017 07 31 06  288.250   11.000  1011.16
0000006 2017073112 2017 07 31 12  288.500   10.000  1012.25
0000006 2017073118 2017 07 31 18  288.000    8.750  1010.94
0000006 2017080100 2017 08 01 00  288.000    9.000  1011.31
0000007 2017080906 2017 08 09 06  288.250   10.500  1008.60
0000007 2017080912 2017 08 09 12  288.500    9.750  1010.58
0000007 2017080918 2017 08 09 18  287.750    9.250  1009.15
0000007 2017081000 2017 08 10 00  288.500   10.250  1009.11
0000007 2017081006 2017 08 10 06  288.250   10.250  1010.73
0000007 2017081012 2017 08 10 12  288.250   10.000  1012.17
0000008 2017080806 2017 08 08 06  310.750   14.750  1011.69
0000008 2017080812 2017 08 08 12  309.500   15.000  1013.69
0000008 2017080818 2017 08 08 18  308.500   15.250  1012.96
0000008 2017080900 2017 08 09 00  307.250   15.750  1014.93
0000008 2017080906 2017 08 09 06  306.000   16.250  1013.80
0000008 2017080912 2017 08 09 12  304.500   16.750  1015.67
0000008 2017080918 2017 08 09 18  303.250   16.500  1014.95
0000008 2017081000 2017 08 10 00  302.000   17.750  1015.76
0000008 2017081006 2017 08 10 06  300.500   18.250  1015.75
0000008 2017081012 2017 08 10 12  300.000   19.250  1015.78
0000008 2017081018 2017 08 10 18  299.000   20.250  1015.13
0000008 2017081100 2017 08 11 00  297.750   20.500  1015.20
0000008 2017081106 2017 08 11 06  297.000   21.000  1014.17
0000008 2017081112 2017 08 11 12  296.000   22.000  1014.54
0000008 2017081118 2017 08 11 18  294.750   22.750  1013.55
0000008 2017081200 2017 08 12 00  293.500   23.250  1012.45
0000008 2017081206 2017 08 12 06  292.250   24.000  1010.92
0000008 2017081212 2017 08 12 12  290.750   24.750  1011.54
0000008 2017081218 2017 08 12 18  289.500   25.000  1010.42
0000008 2017081300 2017 08 13 00  288.500   25.250  1010.44
0000008 2017081306 2017 08 13 06  287.500   25.250  1008.88
0000008 2017081312 2017 08 13 12  287.250   25.000  1009.42
0000008 2017081318 2017 08 13 18  287.250   25.000  1009.66
0000008 2017081400 2017 08 14 00  287.750   25.250  1009.25
0000008 2017081406 2017 08 14 06  288.500   26.000  1009.96
0000008 2017081412 2017 08 14 12  289.000   26.750  1015.31
0000009 2017081812 2017 08 18 12  300.750   12.750  1009.25
0000009 2017081818 2017 08 18 18  299.750   13.000  1007.95
0000009 2017081900 2017 08 19 00  298.500   13.500  1008.17
0000009 2017081906 2017 08 19 06  297.000   13.750  1007.65
0000009 2017081912 2017 08 19 12  295.500   13.750  1007.94
0000009 2017081918 2017 08 19 18  294.000   14.250  1007.21
0000009 2017082000 2017 08 20 00  292.750   14.750  1006.94
0000009 2017082006 2017 08 20 06  291.250   15.250  1006.92
0000010 2017090312 2017 09 03 12  312.250   18.000  1000.56
0000010 2017090318 2017 09 03 18  311.000   18.000   997.10
0000010 2017090400 2017 09 04 00  309.500   17.500   994.08
0000010 2017090406 2017 09 04 06  308.500   17.000   990.40
0000010 2017090412 2017 09 04 12  307.500   17.000   991.63
0000010 2017090418 2017 09 04 18  306.000   16.750   988.47
0000010 2017090500 2017 09 05 00  304.750   16.500   986.69
0000010 2017090506 2017 09 05 06  303.500   16.250   978.97
0000010 2017090512 2017 09 05 12  302.250   16.500   977.19
0000010 2017090518 2017 09 05 18  301.000   16.500   977.66
0000010 2017090600 2017 09 06 00  299.750   17.000   976.51
0000010 2017090606 2017 09 06 06  298.500   17.500   973.81
0000010 2017090612 2017 09 06 12  297.250   18.000   972.95
0000010 2017090618 2017 09 06 18  295.750   18.750   973.06
0000010 2017090700 2017 09 07 00  294.250   19.250   971.68
0000010 2017090706 2017 09 07 06  292.500   19.750   970.67
0000010 2017090712 2017 09 07 12  291.000   20.500   966.88
0000010 2017090718 2017 09 07 18  289.500   21.000   962.73
0000010 2017090800 2017 09 08 00  288.000   21.250   959.38
0000010 2017090806 2017 09 08 06  286.750   21.750   956.86
0000010 2017090812 2017 09 08 12  285.500   22.000   956.21
0000010 2017090818 2017 09 08 18  284.250   22.250   955.41
0000010 2017090900 2017 09 09 00  283.000   22.500   951.89
0000010 2017090906 2017 09 09 06  281.750   22.750   953.17
0000010 2017090912 2017 09 09 12  280.750   22.750   953.81
0000010 2017090918 2017 09 09 18  279.750   23.000   956.52
0000010 2017091000 2017 09 10 00  279.250   23.500   957.74
0000010 2017091006 2017 09 10 06  278.750   23.750   953.64
0000010 2017091012 2017 09 10 12  278.500   24.500   951.55
0000010 2017091018 2017 09 10 18  278.250   25.250   952.35
0000010 2017091100 2017 09 11 00  278.500   26.750   971.44
0000011 2017090706 2017 09 07 06  311.500   14.000  1006.12
0000011 2017090712 2017 09 07 12  309.750   14.500  1005.81
0000011 2017090718 2017 09 07 18  308.250   15.000  1001.49
0000011 2017090800 2017 09 08 00  306.500   15.250  1000.02
0000011 2017090806 2017 09 08 06  305.000   15.500   995.79
0000011 2017090812 2017 09 08 12  303.750   15.750   993.14
0000011 2017090818 2017 09 08 18  302.500   16.000   988.16
0000011 2017090900 2017 09 09 00  301.500   16.500   986.42
0000011 2017090906 2017 09 09 06  300.500   17.000   983.66
0000011 2017090912 2017 09 09 12  299.500   17.500   985.17
0000011 2017090918 2017 09 09 18  298.500   18.250   983.36
0000011 2017091000 2017 09 10 00  297.250   19.250   982.15
0000011 2017091006 2017 09 10 06  296.000   19.750   980.63
0000011 2017091012 2017 09 10 12  295.000   20.750   981.15
0000011 2017091018 2017 09 10 18  293.750   21.750   979.52
0000011 2017091100 2017 09 11 00  292.750   22.750   981.40
0000011 2017091106 2017 09 11 06  292.000   23.750   983.32
0000011 2017091112 2017 09 11 12  291.500   25.000   985.89
0000011 2017091118 2017 09 11 18  291.000   26.250   986.92
0000012 2017091400 2017 09 14 00  294.250   25.750   997.42
0000012 2017091406 2017 09 14 06  293.750   25.500   997.37
0000012 2017091412 2017 09 14 12  293.250   25.250  1000.22
0000012 2017091418 2017 09 14 18  292.750   25.750   999.58
0000012 2017091500 2017 09 15 00  292.000   25.500  1000.72
0000012 2017091506 2017 09 15 06  291.500   26.000  1000.30
0000012 2017091512 2017 09 15 12  290.500   26.250  1002.54
0000012 2017091518 2017 09 15 18  290.000   26.750   997.15
0000013 2017091612 2017 09 16 12  309.500   11.250  1011.18
0000013 2017091618 2017 09 16 18  308.000   11.500  1007.98
0000013 2017091700 2017 09 17 00  306.500   12.000  1007.82
0000013 2017091706 2017 09 17 06  305.000   12.000  1005.27
0000013 2017091712 2017 09 17 12  304.500   12.500  1006.12
0000013 2017091718 2017 09 17 18  303.500   13.250  1002.14
0000013 2017091800 2017 09 18 00  302.250   13.750  1001.47
0000013 2017091806 2017 09 18 06  301.250   14.000   997.05
0000013 2017091812 2017 09 18 12  300.500   14.500   994.63
0000013 2017091818 2017 09 18 18  299.750   14.750   989.56
0000013 2017091900 2017 09 19 00  299.000   15.000   988.91
0000013 2017091906 2017 09 19 06  298.500   15.500   984.69
0000013 2017091912 2017 09 19 12  298.000   16.250   982.59
0000013 2017091918 2017 09 19 18  297.000   16.750   979.82
0000013 2017092000 2017 09 20 00  296.000   17.000   975.52
0000013 2017092006 2017 09 20 06  295.250   17.500   973.34
0000013 2017092012 2017 09 20 12  294.250   18.250   974.09
0000013 2017092018 2017 09 20 18  293.500   18.750   972.25
0000013 2017092100 2017 09 21 00  292.750   19.250   966.74
0000013 2017092106 2017 09 21 06  292.000   19.750   962.42
0000013 2017092112 2017 09 21 12  291.000   20.250   960.80
0000013 2017092118 2017 09 21 18  290.250   20.500   960.81
0000013 2017092200 2017 09 22 00  289.750   20.750   960.86
0000013 2017092206 2017 09 22 06  289.250   21.250   960.51
0000013 2017092212 2017 09 22 12  289.000   21.750   964.12
0000013 2017092218 2017 09 22 18  288.500   22.750   960.14
0000013 2017092300 2017 09 23 00  288.000   23.250   960.37
0000013 2017092306 2017 09 23 06  288.000   24.000   960.74
0000013 2017092312 2017 09 23 12  288.000   25.000   961.98
0000013 2017092318 2017 09 23 18  287.750   25.750   959.74
0000013 2017092400 2017 09 24 00  287.750   26.750   967.02
0000014 2017101800 2017 10 18 00  288.750   11.000  1005.25
0000014 2017101806 2017 10 18 06  288.250   11.000  1006.89
0000014 2017101812 2017 10 18 12  288.500   10.000  1008.58
0000014 2017101818 2017 10 18 18  287.750    9.000  1004.99
0000014 2017101900 2017 10 19 00  288.500   10.250  1006.30
0000014 2017101906 2017 10 19 06  288.250   10.500  1007.45
0000014 2017101912 2017 10 19 12  288.500   10.000  1008.73
0000014 2017101918 2017 10 19 18  287.750    9.000  1005.50
0000014 2017102000 2017 10 20 00  288.250    9.500  1006.06
0000014 2017102006 2017 10 20 06  288.250   10.250  1007.02
0000014 2017102012 2017 10 20 12  288.500   10.000  1008.26
0000014 2017102018 2017 10 20 18  287.750    9.000  1004.29
0000014 2017102100 2017 10 21 00  288.750    9.750  1004.70
0000014 2017102106 2017 10 21 06  288.000   10.250  1005.94
0000014 2017102112 2017 10 21 12  288.500    9.750  1007.67
