0000001 2007070300 2007 07 03 00  288.750   11.000  1008.65
0000001 2007070306 2007 07 03 06  288.500   10.750  1010.35
0000001 2007070312 2007 07 03 12  288.500   10.000  1010.95
0000001 2007070318 2007 07 03 18  288.750   10.750  1008.77
0000001 2007070400 2007 07 04 00  288.500   10.750  1007.87
0000001 2007070406 2007 07 04 06  288.250   10.250  1008.90
0000002 2007070800 2007 07 08 00  288.500   10.500  1006.90
0000002 2007070806 2007 07 08 06  288.250   10.250  1008.16
0000002 2007070812 2007 07 08 12  288.250   10.250  1009.57
0000002 2007070818 2007 07 08 18  288.000    9.000  1008.11
0000002 2007070900 2007 07 09 00  288.500    9.500  1008.96
0000002 2007070906 2007 07 09 06  288.250   10.250  1010.27
0000002 2007070912 2007 07 09 12  288.500    9.750  1012.25
0000002 2007070918 2007 07 09 18  288.750   10.750  1009.54
0000002 2007071000 2007 07 10 00  288.750    9.750  1008.74
0000002 2007071006 2007 07 10 06  288.250   10.000  1009.99
0000003 2007071600 2007 07 16 00  288.750    9.750  1007.36
0000003 2007071606 2007 07 16 06  288.250   10.250  1008.86
0000003 2007071612 2007 07 16 12  288.250   10.250  1010.10
0000003 2007071618 2007 07 16 18  287.750    9.250  1008.58
0000003 2007071700 2007 07 17 00  288.500    9.500  1008.12
0000003 2007071706 2007 07 17 06  288.250   10.000  1010.13
0000004 2007080200 2007 08 02 00  288.750   10.750  1005.66
0000004 2007080206 2007 08 02 06  288.500   10.500  1006.81
0000004 2007080212 2007 08 02 12  288.250   10.250  1008.21
0000004 2007080218 2007 08 02 18  287.750    9.250  1006.39
0000004 2007080300 2007 08 03 00  288.500   10.250  1006.85
0000004 2007080306 2007 08 03 06  288.500   10.250  1007.35
0000004 2007080312 2007 08 03 12  288.500   10.500  1008.47
0000005 2007081800 2007 08 18 00  295.250   15.500   986.80
0000005 2007081806 2007 08 18 06  293.750   15.750   982.08
0000005 2007081812 2007 08 18 12  292.250   16.000   980.62
0000005 2007081818 2007 08 18 18  290.500   16.500   977.84
0000005 2007081900 2007 08 19 00  289.000   16.500   973.21
0000005 2007081906 2007 08 19 06  287.250   16.750   969.34
0000005 2007081912 2007 08 19 12  285.500   17.000   969.44
0000005 2007081918 2007 08 19 18  284.000   17.000   968.54
0000005 2007082000 2007 08 20 00  282.250   17.500   965.05
0000005 2007082006 2007 08 20 06  280.500   17.500   966.26
0000005 2007082012 2007 08 20 12  278.750   18.000   966.91
0000005 2007082018 2007 08 20 18  277.000   18.250   965.74
0000005 2007082100 2007 08 21 00  275.250   18.500   962.46
0000006 2007091318 2007 09 13 18  312.250   14.750  1008.02
0000006 2007091400 2007 09 14 00  312.000   15.000  1009.15
0000006 2007091406 2007 09 14 06  311.750   15.250  1006.89
0000006 2007091412 2007 09 14 12  311.250   15.500  1008.36
0000006 2007091418 2007 09 14 18  310.750   15.750  1007.30
0000006 2007091500 2007 09 15 00  310.000   16.250  1008.66
0000006 2007091506 2007 09 15 06  308.750   16.750  1006.87
0000006 2007091512 2007 09 15 12  308.000   17.000  1008.73
0000006 2007091518 2007 09 15 18  306.750   17.500  1007.63
0000006 2007091600 2007 09 16 00  306.250   17.750  1009.35
0000006 2007091606 2007 09 16 06  305.000   18.250  1008.56
0000006 2007091612 2007 09 16 12  304.500   18.750  1009.97
0000006 2007091618 2007 09 16 18  303.500   19.500  1008.83
0000006 2007091700 2007 09 17 00  303.000   20.500  1010.21
0000006 2007091706 2007 09 17 06  302.250   20.750  1008.98
0000006 2007091712 2007 09 17 12  301.750   21.500  1010.73
0000006 2007091718 2007 09 17 18  301.750   22.500  1009.64
0000006 2007091800 2007 09 18 00  300.750   22.750  1009.29
0000006 2007091806 2007 09 18 06  301.000   23.000  1008.70
0000006 2007091812 2007 09 18 12  301.500   23.750  1010.32
0000006 2007091818 2007 09 18 18  301.000   24.000  1009.62
0000006 2007091900 2007 09 19 00  301.500   24.250  1011.21
0000006 2007091906 2007 09 19 06  301.500   24.750  1009.56
0000006 2007091912 2007 09 19 12  301.000   24.750  1011.06
0000006 2007091918 2007 09 19 18  300.500   25.000  1010.83
0000006 2007092000 2007 09 20 00  300.250   25.000  1012.24
0000006 2007092006 2007 09 20 06  300.000   25.000  1011.35
0000006 2007092012 2007 09 20 12  300.000   25.000  1012.49
0000006 2007092018 2007 09 20 18  299.500   24.750  1011.37
0000006 2007092100 2007 09 21 00  299.500   24.750  1011.96
0000006 2007092106 2007 09 21 06  299.500   24.500  1010.35
0000006 2007092112 2007 09 21 12  299.500   24.250  1011.89
0000006 2007092118 2007 09 21 18  299.500   24.000  1010.28
0000006 2007092200 2007 09 22 00  299.500   23.750  1010.80
0000006 2007092206 2007 09 22 06  299.250   23.500  1009.76
0000006 2007092212 2007 09 22 12  299.000   23.250  1011.37
0000006 2007092218 2007 09 22 18  298.750   22.750  1009.68
0000006 2007092300 2007 09 23 00  298.500   22.500  1011.23
0000006 2007092306 2007 09 23 06  298.000   22.250  1010.02
0000006 2007092312 2007 09 23 12  297.750   22.250  1010.54
0000006 2007092318 2007 09 23 18  297.750   22.250  1009.77
0000006 2007092400 2007 09 24 00  297.500   22.500  1009.50
0000006 2007092406 2007 09 24 06  297.000   22.750  1008.45
0000006 2007092412 2007 09 24 12  296.750   23.000  1009.38
0000006 2007092418 2007 09 24 18  296.750   23.250  1009.19
0000006 2007092500 2007 09 25 00  296.250   23.750  1010.32
0000006 2007092506 2007 09 25 06  295.500   24.250  1009.65
0000006 2007092512 2007 09 25 12  295.000   25.000  1011.44
0000006 2007092518 2007 09 25 18  294.500   25.250  1012.49
0000006 2007092600 2007 09 26 00  293.750   25.500  1013.79
0000006 2007092606 2007 09 26 06  292.750   26.000  1014.37
0000006 2007092612 2007 09 26 12  292.000   26.500  1016.31
0000007 2007092718 2007 09 27 18  312.250   14.000  1005.19
0000007 2007092800 2007 09 28 00  311.500   14.750  1006.35
0000007 2007092806 2007 09 28 06  310.500   15.250  1002.45
0000007 2007092812 2007 09 28 12  309.750   15.750  1007.77
0000007 2007092818 2007 09 28 18  309.000   16.000  1007.18
0000007 2007092900 2007 09 29 00  308.500   16.250  1008.62
0000007 2007092906 2007 09 29 06  308.000   16.750  1006.97
0000007 2007092912 2007 09 29 12  307.000   17.500  1011.79
0000007 2007092918 2007 09 29 18  306.750   17.750  1010.62
0000007 2007093000 2007 09 30 00  306.750   18.750  1012.41
0000007 2007093006 2007 09 30 06  305.500   18.750  1011.08
0000007 2007093012 2007 09 30 12  305.250   19.750  1011.42
0000007 2007093018 2007 09 30 18  304.500   20.000  1009.06
0000007 2007100100 2007 10 01 00  304.000   20.250  1010.00
0000007 2007100106 2007 10 01 06  303.250   20.750  1007.71
0000007 2007100112 2007 10 01 12  302.250   21.000  1008.47
0000007 2007100118 2007 10 01 18  301.500   21.250  1007.18
0000007 2007100200 2007 10 02 00  300.750   21.750  1008.31
0000007 2007100206 2007 10 02 06  299.750   21.750  1006.29
0000007 2007100212 2007 10 02 12  299.000   22.250  1008.19
0000007 2007100218 2007 10 02 18  298.000   22.750  1007.88
0000007 2007100300 2007 10 03 00  297.250   23.250  1007.80
0000007 2007100306 2007 10 03 06  296.500   23.750  1006.29
0000007 2007100312 2007 10 03 12  295.250   24.250  1006.42
0000007 2007100318 2007 10 03 18  294.750   24.500  1004.79
0000007 2007100400 2007 10 04 00  293.750   25.000  1006.66
0000007 2007100406 2007 10 04 06  292.500   25.000  1006.42
0000007 2007100412 2007 10 04 12  291.250   25.250  1007.61
0000007 2007100418 2007 10 04 18  290.000   25.250  1007.66
0000007 2007100500 2007 10 05 00  288.750   25.250  1008.15
0000008 2007100418 2007 10 04 18  293.250   22.000  1010.57
0000008 2007100500 2007 10 05 00  292.250   21.250  1010.99
0000008 2007100506 2007 10 05 06  293.500   22.000  1009.86
0000008 2007100512 2007 10 05 12  292.750   22.000  1009.26
0000008 2007100518 2007 10 05 18  292.250   22.250  1007.36
0000008 2007100600 2007 10 06 00  291.250   21.750  1005.99
0000008 2007100606 2007 10 06 06  290.250   21.750  1004.39
0000008 2007100612 2007 10 06 12  289.500   22.000  1004.41
0000008 2007100618 2007 10 06 18  288.250   22.500  1002.80
0000008 2007100700 2007 10 07 00  286.750   22.750  1002.70
0000008 2007100706 2007 10 07 06  285.250   23.000  1002.26
0000008 2007100712 2007 10 07 12  283.500   23.000  1002.24
0000008 2007100718 2007 10 07 18  282.250   23.000  1001.88
0000008 2007100800 2007 10 08 00  280.750   23.250  1002.06
0000008 2007100806 2007 10 08 06  279.250   23.250  1003.07
0000009 2007102318 2007 10 23 18  301.750   16.000  1010.68
0000009 2007102400 2007 10 24 00  301.000   16.750  1011.61
0000009 2007102406 2007 10 24 06  301.250   17.500  1009.90
0000009 2007102412 2007 10 24 12  300.500   17.000  1011.07
0000009 2007102418 2007 10 24 18  300.250   18.000  1009.73
0000009 2007102500 2007 10 25 00  302.000   18.250  1010.30
0000009 2007102506 2007 10 25 06  301.250   18.250  1008.43
0000009 2007102512 2007 10 25 12  299.750   18.000  1008.96
0000009 2007102518 2007 10 25 18  300.500   18.000  1007.60
0000009 2007102600 2007 10 26 00  300.250   17.750  1007.90
0000009 2007102606 2007 10 26 06  299.000   17.500  1006.49
0000009 2007102612 2007 10 26 12  298.250   16.750  1007.94
0000009 2007102618 2007 10 26 18  299.000   16.250  1005.32
0000009 2007102700 2007 10 27 00  298.250   16.750  1006.05
0000009 2007102706 2007 10 27 06  298.000   16.750  1004.56
0000009 2007102712 2007 10 27 12  296.500   17.750  1004.77
0000009 2007102718 2007 10 27 18  295.250   18.000  1003.32
0000009 2007102800 2007 10 28 00  294.750   18.750  1001.38
0000009 2007102806 2007 10 28 06  293.250   19.000   998.30
0000009 2007102812 2007 10 28 12  292.000   19.250   998.81
0000009 2007102818 2007 10 28 18  290.500   19.500   997.98
0000009 2007102900 2007 10 29 00  289.500   19.500   998.12
0000009 2007102906 2007 10 29 06  288.250   19.750   999.19
0000009 2007102912 2007 10 29 12  287.500   20.000  1001.91
0000009 2007102918 2007 10 29 18  286.250   20.250  1001.42
0000009 2007103000 2007 10 30 00  285.750   20.250  1001.44
0000009 2007103006 2007 10 30 06  285.250   20.750  1000.72
0000009 2007103012 2007 10 30 12  284.750   21.250   998.31
0000009 2007103018 2007 10 30 18  283.750   21.500   998.07
0000009 2007103100 2007 10 31 00  283.000   21.500   999.20
0000009 2007103106 2007 10 31 06  282.750   22.250   998.17
0000009 2007103112 2007 10 31 12  282.250   22.250   997.11
0000009 2007103118 2007 10 31 18  282.500   22.500   996.73
0000009 2007110100 2007 11 01 00  283.250   23.250   988.00
