0000001 2004060818 2004 06 08 18  288.750   10.750  1009.31
0000001 2004060900 2004 06 09 00  288.250   10.000  1009.11
0000001 2004060906 2004 06 09 06  288.250   10.250  1010.03
0000001 2004060912 2004 06 09 12  288.750    9.750  1011.08
0000001 2004060918 2004 06 09 18  288.750   10.500  1009.29
0000001 2004061000 2004 06 10 00  288.250    9.500  1009.41
0000001 2004061006 2004 06 10 06  288.500   10.250  1010.67
0000001 2004061012 2004 06 10 12  288.500   10.000  1011.16
0000001 2004061018 2004 06 10 18  288.750   10.750  1008.47
0000001 2004061100 2004 06 11 00  288.500   10.750  1007.95
0000001 2004061106 2004 06 11 06  288.250   10.250  1009.74
0000001 2004061112 2004 06 11 12  288.500   10.000  1011.08
0000002 2004061300 2004 06 13 00  288.500   10.750  1008.61
0000002 2004061306 2004 06 13 06  288.250   10.750  1010.35
0000002 2004061312 2004 06 13 12  288.500   10.000  1011.73
0000002 2004061318 2004 06 13 18  288.750   11.000  1009.19
0000002 2004061400 2004 06 14 00  288.250   10.250  1008.62
0000002 2004061406 2004 06 14 06  288.750   11.000  1010.04
0000003 2004072400 2004 07 24 00  288.750   10.750  1006.64
0000003 2004072406 2004 07 24 06  288.500   10.250  1008.49
0000003 2004072412 2004 07 24 12  288.250   10.250  1010.11
0000003 2004072418 2004 07 24 18  287.750    9.250  1007.91
0000003 2004072500 2004 07 25 00  288.750   10.000  1007.65
0000003 2004072506 2004 07 25 06  288.500   10.000  1008.99
0000003 2004072512 2004 07 25 12  288.250   10.250  1010.25
0000003 2004072518 2004 07 25 18  287.750    9.250  1007.89
0000003 2004072600 2004 07 26 00  288.750    9.750  1007.72
0000003 2004072606 2004 07 26 06  288.750   10.750  1008.86
0000003 2004072612 2004 07 26 12  288.500   10.000  1010.02
0000004 2004072706 2004 07 27 06  288.250   10.250  1008.77
0000004 2004072712 2004 07 27 12  288.500   10.000  1010.33
0000004 2004072718 2004 07 27 18  287.750    9.250  1007.07
0000004 2004072800 2004 07 28 00  288.250    9.750  1007.03
0000004 2004072806 2004 07 28 06  288.500   10.750  1008.54
0000004 2004072812 2004 07 28 12  288.500   11.000  1009.62
0000004 2004072818 2004 07 28 18  287.750    9.500  1007.99
0000004 2004072900 2004 07 29 00  288.000    9.500  1007.00
0000004 2004072906 2004 07 29 06  288.750   11.000  1009.91
0000004 2004072912 2004 07 29 12  288.500   11.250  1010.05
0000005 2004080506 2004 08 05 06  288.250   10.250  1008.18
0000005 2004080512 2004 08 05 12  288.250   10.250  1008.68
0000005 2004080518 2004 08 05 18  287.750    9.250  1006.74
0000005 2004080600 2004 08 06 00  288.500    9.500  1007.25
0000005 2004080606 2004 08 06 06  288.750   11.250  1009.06
0000005 2004080612 2004 08 06 12  287.500   11.750  1009.98
0000006 2004081000 2004 08 10 00  288.500   10.500  1006.71
0000006 2004081006 2004 08 10 06  288.250   10.250  1007.73
0000006 2004081012 2004 08 10 12  288.250   10.500  1009.47
0000006 2004081018 2004 08 10 18  287.750    9.250  1006.63
0000006 2004081100 2004 08 11 00  288.500    9.500  1007.39
0000007 2004081206 2004 08 12 06  288.500   11.000  1009.06
0000007 2004081212 2004 08 12 12  288.500   10.000  1010.68
0000007 2004081218 2004 08 12 18  287.750    9.000  1008.43
0000007 2004081300 2004 08 13 00  288.000    9.500  1008.03
0000007 2004081306 2004 08 13 06  288.500   10.750  1009.19
0000007 2004081312 2004 08 13 12  288.250   11.000  1010.34
0000008 2004081212 2004 08 12 12  280.250   19.000  1010.34
0000008 2004081218 2004 08 12 18  279.500   20.250  1009.33
0000008 2004081300 2004 08 13 00  278.750   21.500  1006.44
0000008 2004081306 2004 08 13 06  278.250   22.500  1006.42
0000008 2004081312 2004 08 13 12  277.750   23.750  1004.61
0000008 2004081318 2004 08 13 18  278.250   25.500  1004.95
0000009 2004082400 2004 08 24 00  288.500   10.750  1006.10
0000009 2004082406 2004 08 24 06  288.250   10.000  1007.85
0000009 2004082412 2004 08 24 12  288.500   10.000  1009.57
0000009 2004082418 2004 08 24 18  287.750    9.250  1007.39
0000009 2004082500 2004 08 25 00  288.500    9.750  1007.89
0000009 2004082506 2004 08 25 06  288.250   10.250  1009.15
0000009 2004082512 2004 08 25 12  288.500    9.750  1010.09
0000009 2004082518 2004 08 25 18  288.000    9.000  1008.10
0000009 2004082600 2004 08 26 00  288.500   10.500  1007.61
0000009 2004082606 2004 08 26 06  288.250   10.250  1009.21
0000009 2004082612 2004 08 26 12  288.500    9.750  1010.48
0000010 2004090300 2004 09 03 00  288.750   11.000  1004.45
0000010 2004090306 2004 09 03 06  288.250   10.750  1006.07
0000010 2004090312 2004 09 03 12  288.500   10.000  1007.15
0000010 2004090318 2004 09 03 18  287.750    9.000  1004.49
0000010 2004090400 2004 09 04 00  288.000    9.750  1004.40
0000010 2004090406 2004 09 04 06  288.750   10.750  1005.68
0000010 2004090412 2004 09 04 12  288.500   11.000  1007.24
0000011 2004082700 2004 08 27 00  312.750   13.250  1010.90
0000011 2004082706 2004 08 27 06  311.750   13.500  1008.57
0000011 2004082712 2004 08 27 12  310.750   14.250  1010.17
0000011 2004082718 2004 08 27 18  310.250   15.000  1007.86
0000011 2004082800 2004 08 28 00  309.000   15.750  1009.55
0000011 2004082806 2004 08 28 06  308.000   16.000  1007.39
0000011 2004082812 2004 08 28 12  307.500   16.000  1008.54
0000011 2004082818 2004 08 28 18  307.250   16.750  1005.79
0000011 2004082900 2004 08 29 00  306.750   17.500  1005.24
0000011 2004082906 2004 08 29 06  306.000   17.750  1000.39
0000011 2004082912 2004 08 29 12  305.500   18.000   999.18
0000011 2004082918 2004 08 29 18  305.000   18.500   994.07
0000011 2004083000 2004 08 30 00  304.000   18.750   990.41
0000011 2004083006 2004 08 30 06  303.000   18.750   988.95
0000011 2004083012 2004 08 30 12  301.750   19.250   987.36
0000011 2004083018 2004 08 30 18  300.500   19.250   982.85
0000011 2004083100 2004 08 31 00  299.500   19.500   981.21
0000011 2004083106 2004 08 31 06  298.000   19.750   976.86
0000011 2004083112 2004 08 31 12  296.500   20.000   974.07
0000011 2004083118 2004 08 31 18  295.000   20.250   972.71
0000011 2004090100 2004 09 01 00  293.500   20.750   968.94
0000011 2004090106 2004 09 01 06  292.250   21.000   967.10
0000011 2004090112 2004 09 01 12  290.750   21.750   963.88
0000011 2004090118 2004 09 01 18  289.250   21.750   961.54
0000011 2004090200 2004 09 02 00  288.250   22.000   959.54
0000011 2004090206 2004 09 02 06  287.250   22.250   961.01
0000011 2004090212 2004 09 02 12  286.250   23.000   959.87
0000011 2004090218 2004 09 02 18  285.500   23.500   960.19
0000011 2004090300 2004 09 03 00  284.750   23.750   956.66
0000011 2004090306 2004 09 03 06  284.250   24.250   956.01
0000011 2004090312 2004 09 03 12  283.500   25.000   955.41
0000011 2004090318 2004 09 03 18  282.750   25.500   957.12
0000011 2004090400 2004 09 04 00  282.500   25.750   959.58
0000011 2004090406 2004 09 04 06  282.000   26.250   969.42
0000011 2004090412 2004 09 04 12  281.500   26.750   974.63
0000011 2004090418 2004 09 04 18  281.000   26.750   972.00
0000012 2004090618 2004 09 06 18  305.500   11.250   998.03
0000012 2004090700 2004 09 07 00  304.000   11.000   997.41
0000012 2004090706 2004 09 07 06  302.500   11.000   993.49
0000012 2004090712 2004 09 07 12  300.750   11.500   992.33
0000012 2004090718 2004 09 07 18  299.000   11.750   992.02
0000012 2004090800 2004 09 08 00  297.750   12.000   990.81
0000012 2004090806 2004 09 08 06  296.000   12.500   990.30
0000012 2004090812 2004 09 08 12  294.250   12.750   986.15
0000012 2004090818 2004 09 08 18  293.000   13.000   984.80
0000012 2004090900 2004 09 09 00  291.500   13.500   985.48
0000012 2004090906 2004 09 09 06  290.250   13.750   985.65
0000012 2004090912 2004 09 09 12  289.000   14.250   982.42
0000012 2004090918 2004 09 09 18  287.750   15.000   980.92
0000012 2004091000 2004 09 10 00  286.750   15.250   979.31
0000012 2004091006 2004 09 10 06  286.000   15.750   973.03
0000012 2004091012 2004 09 10 12  285.250   16.250   971.65
0000012 2004091018 2004 09 10 18  284.250   16.750   969.85
0000012 2004091100 2004 09 11 00  283.750   17.000   966.41
0000012 2004091106 2004 09 11 06  282.750   17.500   962.73
0000012 2004091112 2004 09 11 12  282.000   18.000   964.13
0000012 2004091118 2004 09 11 18  281.250   18.250   961.06
0000012 2004091200 2004 09 12 00  280.250   18.500   954.70
0000012 2004091206 2004 09 12 06  279.500   18.750   952.23
0000012 2004091212 2004 09 12 12  278.750   19.000   946.76
0000012 2004091218 2004 09 12 18  277.750   19.250   946.15
0000012 2004091300 2004 09 13 00  277.250   19.750   944.38
0000012 2004091306 2004 09 13 06  276.750   20.250   946.54
0000012 2004091312 2004 09 13 12  275.750   20.750   946.70
0000012 2004091318 2004 09 13 18  275.250   21.000   945.67
0000013 2004092100 2004 09 21 00  312.750   18.500   979.40
0000013 2004092106 2004 09 21 06  312.500   19.250   972.42
0000013 2004092112 2004 09 21 12  312.000   20.500   970.54
0000013 2004092118 2004 09 21 18  311.750   21.750   966.57
0000013 2004092200 2004 09 22 00  311.250   23.250   966.90
0000013 2004092206 2004 09 22 06  311.000   24.750   966.85
0000013 2004092212 2004 09 22 12  310.750   26.250   973.94
0000014 2004092306 2004 09 23 06  290.750   25.500   979.11
0000014 2004092312 2004 09 23 12  290.500   25.750   979.18
0000014 2004092318 2004 09 23 18  290.000   25.750   976.20
0000014 2004092400 2004 09 24 00  289.500   26.000   975.81
0000014 2004092406 2004 09 24 06  289.000   26.250   978.51
0000014 2004092412 2004 09 24 12  288.000   26.250   980.18
0000014 2004092418 2004 09 24 18  287.000   26.250   981.24
0000014 2004092500 2004 09 25 00  285.750   26.500   981.71
0000014 2004092506 2004 09 25 06  284.250   26.500   983.16
0000014 2004092512 2004 09 25 12  283.000   26.500   981.53
