0000001 1998082106 1998 08 21 06  297.000   19.000  1004.44
0000001 1998082112 1998 08 21 12  295.250   19.500  1003.19
0000001 1998082118 1998 08 21 18  294.250   20.250  1002.79
0000001 1998082200 1998 08 22 00  292.750   21.000   999.76
0000001 1998082206 1998 08 22 06  291.750   21.500   998.05
0000001 1998082212 1998 08 22 12  290.500   22.500   996.29
0000001 1998082218 1998 08 22 18  289.500   23.000   994.19
0000001 1998082300 1998 08 23 00  288.750   23.500   990.80
0000001 1998082306 1998 08 23 06  288.500   23.750   988.19
0000001 1998082312 1998 08 23 12  288.250   24.250   982.49
0000001 1998082318 1998 08 23 18  288.250   24.500   977.32
0000001 1998082400 1998 08 24 00  288.250   24.750   969.08
0000001 1998082406 1998 08 24 06  288.000   25.000   967.13
0000001 1998082412 1998 08 24 12  287.750   25.500   965.61
0000001 1998082418 1998 08 24 18  287.250   26.000   964.80
0000001 1998082500 1998 08 25 00  287.000   26.750   965.01
0000002 1998082806 1998 08 28 06  295.750   22.250  1009.10
0000002 1998082812 1998 08 28 12  294.500   22.250  1008.97
0000002 1998082818 1998 08 28 18  293.500   22.250  1009.52
0000002 1998082900 1998 08 29 00  293.250   23.500  1008.41
0000002 1998082906 1998 08 29 06  292.500   24.500  1006.19
0000002 1998082912 1998 08 29 12  290.750   25.000  1003.50
0000002 1998082918 1998 08 29 18  289.250   25.750  1004.17
0000002 1998083000 1998 08 30 00  288.500   26.000  1000.72
0000002 1998083006 1998 08 30 06  287.750   26.500  1000.86
0000003 1998091818 1998 09 18 18  312.750   13.750  1004.98
0000003 1998091900 1998 09 19 00  311.000   14.000  1004.05
0000003 1998091906 1998 09 19 06  309.500   14.000  1001.00
0000003 1998091912 1998 09 19 12  308.250   14.750   998.61
0000003 1998091918 1998 09 19 18  306.750   15.250   994.36
0000003 1998092000 1998 09 20 00  305.250   15.750   989.57
0000003 1998092006 1998 09 20 06  303.750   16.000   984.76
0000003 1998092012 1998 09 20 12  302.250   16.250   986.06
0000003 1998092018 1998 09 20 18  300.750   16.500   985.02
0000003 1998092100 1998 09 21 00  299.500   17.000   987.49
0000003 1998092106 1998 09 21 06  297.750   17.500   990.16
0000003 1998092112 1998 09 21 12  296.250   17.500   995.05
0000003 1998092118 1998 09 21 18  295.250   18.000   990.10
0000003 1998092200 1998 09 22 00  294.000   17.750   988.96
0000003 1998092206 1998 09 22 06  292.750   17.750   991.85
0000003 1998092212 1998 09 22 12  291.750   18.250   990.34
0000003 1998092218 1998 09 22 18  290.500   18.750   986.27
0000003 1998092300 1998 09 23 00  288.750   18.750   990.67
0000003 1998092306 1998 09 23 06  287.500   18.750   992.69
0000003 1998092312 1998 09 23 12  286.750   19.250   991.37
0000003 1998092318 1998 09 23 18  286.000   19.750   990.01
0000003 1998092400 1998 09 24 00  285.500   20.500   990.96
0000003 1998092406 1998 09 24 06  284.000   21.000   989.60
0000003 1998092412 1998 09 24 12  283.000   21.500   991.71
0000003 1998092418 1998 09 24 18  282.000   22.000   991.84
0000003 1998092500 1998 09 25 00  281.000   23.000   989.63
0000003 1998092506 1998 09 25 06  279.500   23.250   990.43
0000003 1998092512 1998 09 25 12  278.750   23.750   988.84
0000003 1998092518 1998 09 25 18  277.750   24.500   986.47
0000003 1998092600 1998 09 26 00  276.750   25.000   983.59
0000003 1998092606 1998 09 26 06  276.000   25.250   984.65
0000004 1998102200 1998 10 22 00  281.750   12.750  1007.75
0000004 1998102206 1998 10 22 06  282.250   12.500  1008.54
0000004 1998102212 1998 10 22 12  281.750   12.000  1008.62
0000004 1998102218 1998 10 22 18  281.750   12.500  1007.43
0000004 1998102300 1998 10 23 00  281.000   12.250  1006.39
0000004 1998102306 1998 10 23 06  281.000   12.250  1007.87
0000004 1998102312 1998 10 23 12  282.000   13.000  1007.02
0000004 1998102318 1998 10 23 18  282.500   13.500  1006.35
0000004 1998102400 1998 10 24 00  282.000   13.750  1005.01
0000004 1998102406 1998 10 24 06  282.000   14.000  1003.66
0000004 1998102412 1998 10 24 12  282.250   14.750  1002.88
0000004 1998102418 1998 10 24 18  282.000   15.500  1001.94
0000004 1998102500 1998 10 25 00  281.500   16.000   998.52
0000004 1998102506 1998 10 25 06  281.250   16.250   993.37
0000004 1998102512 1998 10 25 12  280.750   16.250   991.63
0000004 1998102518 1998 10 25 18  279.750   16.500   990.14
0000004 1998102600 1998 10 26 00  278.750   16.250   985.86
0000004 1998102606 1998 10 26 06  278.000   16.250   983.36
0000004 1998102612 1998 10 26 12  277.500   16.750   980.52
0000004 1998102618 1998 10 26 18  276.750   17.000   979.72
0000004 1998102700 1998 10 27 00  276.250   17.500   980.42
0000004 1998102706 1998 10 27 06  275.500   17.500   977.92
