0000001 2007081712 2007 08 17 12  298.250   14.500   998.07
0000001 2007081718 2007 08 17 18  296.750   15.000   991.12
0000001 2007081800 2007 08 18 00  295.000   15.000   989.86
0000001 2007081806 2007 08 18 06  293.500   15.250   982.53
0000001 2007081812 2007 08 18 12  292.000   15.750   975.46
0000001 2007081818 2007 08 18 18  290.250   15.750   977.10
0000001 2007081900 2007 08 19 00  289.000   16.000   973.34
0000001 2007081906 2007 08 19 06  287.500   16.500   969.88
0000001 2007081912 2007 08 19 12  286.000   17.000   978.27
0000001 2007081918 2007 08 19 18  284.250   17.250   980.52
0000001 2007082000 2007 08 20 00  282.500   17.500   986.46
0000002 2007090318 2007 09 03 18  280.750   14.500  1005.41
0000002 2007090400 2007 09 04 00  279.250   14.500  1000.76
0000002 2007090406 2007 09 04 06  278.000   14.500  1001.55
0000002 2007090412 2007 09 04 12  276.750   14.500   998.30
0000002 2007090418 2007 09 04 18  275.500   14.250  1002.79
0000003 2007091312 2007 09 13 12  312.750   14.000  1010.44
0000003 2007091318 2007 09 13 18  312.250   14.500  1007.99
0000003 2007091400 2007 09 14 00  311.750   14.750  1007.86
0000003 2007091406 2007 09 14 06  311.250   15.000  1006.12
0000003 2007091412 2007 09 14 12  310.500   15.250  1007.14
0000003 2007091418 2007 09 14 18  310.000   15.500  1005.81
0000003 2007091500 2007 09 15 00  308.750   16.000  1008.07
0000003 2007091506 2007 09 15 06  307.750   16.250  1007.24
0000003 2007091512 2007 09 15 12  306.500   16.250  1009.56
0000003 2007091518 2007 09 15 18  305.750   16.750  1008.32
0000003 2007091600 2007 09 16 00  304.500   16.750  1009.30
0000003 2007091606 2007 09 16 06  303.500   17.000  1008.88
0000003 2007091612 2007 09 16 12  302.500   17.000  1009.97
0000003 2007091618 2007 09 16 18  301.500   17.500  1009.89
0000003 2007091700 2007 09 17 00  301.000   17.500  1009.83
0000003 2007091706 2007 09 17 06  300.500   17.500  1009.81
0000003 2007091712 2007 09 17 12  300.250   17.750  1010.89
0000003 2007091718 2007 09 17 18  299.250   16.750  1010.39
0000003 2007091800 2007 09 18 00  298.500   18.250  1010.92
0000003 2007091806 2007 09 18 06  298.250   18.500  1010.41
0000003 2007091812 2007 09 18 12  298.250   19.000  1011.60
0000003 2007091818 2007 09 18 18  297.000   19.000  1011.08
0000003 2007091900 2007 09 19 00  296.750   19.250  1011.57
0000003 2007091906 2007 09 19 06  295.250   18.750  1010.68
0000004 2007092718 2007 09 27 18  312.000   14.000  1005.73
0000004 2007092800 2007 09 28 00  311.000   14.250  1007.93
0000004 2007092806 2007 09 28 06  310.500   14.750  1003.85
0000004 2007092812 2007 09 28 12  310.000   15.250  1010.04
0000004 2007092818 2007 09 28 18  309.250   16.000  1009.73
0000004 2007092900 2007 09 29 00  308.500   16.500  1011.61
0000004 2007092906 2007 09 29 06  307.500   16.750  1010.99
0000004 2007092912 2007 09 29 12  306.500   16.750  1012.23
0000004 2007092918 2007 09 29 18  305.750   17.000  1011.85
0000004 2007093000 2007 09 30 00  305.250   16.750  1012.41
0000004 2007093006 2007 09 30 06  304.250   17.250  1011.92
0000005 2007102806 2007 10 28 06  289.000   17.000  1002.98
0000005 2007102812 2007 10 28 12  288.000   16.500  1003.37
0000005 2007102818 2007 10 28 18  288.750   17.000   999.68
0000005 2007102900 2007 10 29 00  288.000   16.500  1002.16
0000005 2007102906 2007 10 29 06  288.250   17.250  1002.96
0000006 2007103006 2007 10 30 06  283.750   21.500  1003.83
0000006 2007103012 2007 10 30 12  282.750   20.500  1003.70
0000006 2007103018 2007 10 30 18  282.750   21.500  1002.24
0000006 2007103100 2007 10 31 00  281.500   21.000  1002.50
0000006 2007103106 2007 10 31 06  281.750   22.500  1002.44
0000006 2007103112 2007 10 31 12  281.000   22.500  1001.44
0000006 2007103118 2007 10 31 18  281.250   22.250  1000.17
