0000001 2017071118 2017 07 11 18  289.500   11.250  1008.31
0000001 2017071200 2017 07 12 00  289.500   11.250  1009.22
0000001 2017071206 2017 07 12 06  288.500   11.000  1010.71
0000001 2017071212 2017 07 12 12  288.500   10.000  1012.48
0000001 2017071218 2017 07 12 18  289.750   11.250  1010.26
0000002 2017081800 2017 08 18 00  303.000   13.250  1008.56
0000002 2017081806 2017 08 18 06  301.500   12.750  1005.94
0000002 2017081812 2017 08 18 12  300.000   13.250  1007.03
0000002 2017081818 2017 08 18 18  298.250   13.250  1005.24
0000002 2017081900 2017 08 19 00  297.000   14.000  1006.99
0000003 2017090312 2017 09 03 12  312.000   18.000   997.94
0000003 2017090318 2017 09 03 18  310.750   17.750   994.77
0000003 2017090400 2017 09 04 00  309.500   17.250   992.49
0000003 2017090406 2017 09 04 06  308.500   16.750   991.43
0000003 2017090412 2017 09 04 12  307.500   17.000   992.05
0000003 2017090418 2017 09 04 18  306.000   17.000   988.98
0000003 2017090500 2017 09 05 00  305.000   16.750   983.56
0000003 2017090506 2017 09 05 06  303.750   16.500   976.72
0000003 2017090512 2017 09 05 12  302.000   17.000   977.60
0000003 2017090518 2017 09 05 18  300.750   17.000   977.69
0000003 2017090600 2017 09 06 00  299.500   17.250   980.45
0000003 2017090606 2017 09 06 06  298.000   17.750   975.66
0000003 2017090612 2017 09 06 12  296.750   18.000   976.98
0000003 2017090618 2017 09 06 18  295.250   18.500   980.79
0000003 2017090700 2017 09 07 00  294.000   19.250   976.86
0000003 2017090706 2017 09 07 06  292.500   19.500   975.08
0000003 2017090712 2017 09 07 12  291.000   20.250   971.40
0000003 2017090718 2017 09 07 18  289.750   20.750   967.68
0000003 2017090800 2017 09 08 00  288.000   21.250   960.10
0000003 2017090806 2017 09 08 06  286.750   21.500   961.86
0000003 2017090812 2017 09 08 12  285.250   21.750   960.50
0000003 2017090818 2017 09 08 18  284.000   22.000   961.14
0000003 2017090900 2017 09 09 00  282.750   22.250   963.07
0000003 2017090906 2017 09 09 06  281.750   22.250   963.81
0000003 2017090912 2017 09 09 12  280.750   22.750   963.23
0000003 2017090918 2017 09 09 18  279.750   23.000   968.53
0000003 2017091000 2017 09 10 00  279.250   23.500   964.77
0000003 2017091006 2017 09 10 06  278.750   23.750   961.19
0000003 2017091012 2017 09 10 12  278.500   24.500   960.75
0000003 2017091018 2017 09 10 18  278.250   25.500   959.08
0000003 2017091100 2017 09 11 00  278.250   26.750   966.09
0000004 2017090718 2017 09 07 18  308.250   15.250  1002.39
0000004 2017090800 2017 09 08 00  306.750   15.500  1002.28
0000004 2017090806 2017 09 08 06  305.000   15.750  1000.77
0000004 2017090812 2017 09 08 12  303.750   16.250   999.05
0000004 2017090818 2017 09 08 18  302.000   16.500   997.38
0000004 2017090900 2017 09 09 00  301.000   16.750   996.41
0000004 2017090906 2017 09 09 06  300.000   17.000   993.59
0000004 2017090912 2017 09 09 12  299.250   17.750   994.36
0000004 2017090918 2017 09 09 18  298.000   18.750   993.84
0000004 2017091000 2017 09 10 00  297.000   19.500   989.75
0000004 2017091006 2017 09 10 06  296.000   20.250   992.94
0000004 2017091012 2017 09 10 12  294.750   21.250   995.51
0000004 2017091018 2017 09 10 18  293.250   22.250   996.49
0000004 2017091100 2017 09 11 00  292.500   23.250   996.39
0000004 2017091106 2017 09 11 06  291.250   24.000   996.84
0000004 2017091112 2017 09 11 12  290.750   25.250   997.56
0000004 2017091118 2017 09 11 18  290.250   26.250   996.83
0000005 2017091318 2017 09 13 18  294.250   25.500   995.54
0000005 2017091400 2017 09 14 00  294.500   25.250   995.16
0000005 2017091406 2017 09 14 06  294.000   25.000   994.89
0000005 2017091412 2017 09 14 12  293.750   24.750   994.16
0000005 2017091418 2017 09 14 18  293.250   25.250   992.11
0000005 2017091500 2017 09 15 00  292.500   25.500   990.57
0000005 2017091506 2017 09 15 06  291.500   25.750   991.57
0000005 2017091512 2017 09 15 12  291.000   26.250   993.77
0000005 2017091518 2017 09 15 18  290.000   26.750   991.88
0000006 2017091612 2017 09 16 12  309.500   11.500  1009.90
0000006 2017091618 2017 09 16 18  308.250   11.500  1006.07
0000006 2017091700 2017 09 17 00  306.750   12.250  1007.05
0000006 2017091706 2017 09 17 06  305.250   12.750  1004.83
0000006 2017091712 2017 09 17 12  303.750   13.000  1004.14
0000006 2017091718 2017 09 17 18  303.000   13.250  1002.24
0000006 2017091800 2017 09 18 00  302.000   14.250  1001.38
0000006 2017091806 2017 09 18 06  300.750   14.250   999.66
0000006 2017091812 2017 09 18 12  300.250   14.500   998.95
0000006 2017091818 2017 09 18 18  299.500   15.000   994.32
0000006 2017091900 2017 09 19 00  298.750   15.500   992.19
0000006 2017091906 2017 09 19 06  298.000   15.750   988.48
0000006 2017091912 2017 09 19 12  297.250   16.250   986.29
0000006 2017091918 2017 09 19 18  296.250   16.750   986.72
0000006 2017092000 2017 09 20 00  296.000   17.000   979.45
0000006 2017092006 2017 09 20 06  295.250   18.000   980.84
0000006 2017092012 2017 09 20 12  293.750   18.250   981.25
0000006 2017092018 2017 09 20 18  293.000   18.750   976.15
0000006 2017092100 2017 09 21 00  292.500   19.000   963.20
0000006 2017092106 2017 09 21 06  292.000   19.500   962.96
0000006 2017092112 2017 09 21 12  291.250   20.000   967.14
0000006 2017092118 2017 09 21 18  290.750   20.500   969.63
0000006 2017092200 2017 09 22 00  290.000   20.750   968.53
0000006 2017092206 2017 09 22 06  289.500   21.250   972.05
0000006 2017092212 2017 09 22 12  289.000   22.000   968.20
0000006 2017092218 2017 09 22 18  288.750   22.750   968.15
0000006 2017092300 2017 09 23 00  288.500   23.500   967.07
0000006 2017092306 2017 09 23 06  288.000   24.250   964.78
0000006 2017092312 2017 09 23 12  288.000   25.000   965.60
0000006 2017092318 2017 09 23 18  287.750   25.750   965.01
0000006 2017092400 2017 09 24 00  287.750   26.500   964.31
0000007 2017100318 2017 10 03 18  279.000   11.500  1009.37
0000007 2017100400 2017 10 04 00  279.000   12.250  1007.77
0000007 2017100406 2017 10 04 06  277.750   11.750  1007.97
0000007 2017100412 2017 10 04 12  277.750   11.750  1007.09
0000007 2017100418 2017 10 04 18  277.500   12.000  1005.93
0000007 2017100500 2017 10 05 00  277.250   12.500  1004.82
0000007 2017100506 2017 10 05 06  276.750   13.000  1004.19
0000007 2017100512 2017 10 05 12  276.750   13.500  1004.36
0000007 2017100518 2017 10 05 18  276.750   14.000  1003.26
0000007 2017100600 2017 10 06 00  276.500   15.250  1001.37
0000007 2017100606 2017 10 06 06  276.000   16.750  1000.56
0000007 2017100612 2017 10 06 12  275.250   18.000   998.58
