0000001 2008070706 2008 07 07 06  310.250   18.500  1006.40
0000001 2008070712 2008 07 07 12  309.250   19.250  1006.87
0000001 2008070718 2008 07 07 18  308.000   19.750  1005.91
0000001 2008070800 2008 07 08 00  307.500   20.250  1007.42
0000001 2008070806 2008 07 08 06  306.250   20.750  1005.50
0000001 2008070812 2008 07 08 12  305.500   21.000  1009.51
0000001 2008070818 2008 07 08 18  305.000   21.500  1009.81
0000001 2008070900 2008 07 09 00  304.250   22.000  1010.33
0000001 2008070906 2008 07 09 06  303.500   22.500  1009.86
0000001 2008070912 2008 07 09 12  303.250   24.000  1008.94
0000001 2008070918 2008 07 09 18  302.000   24.500  1006.82
0000001 2008071000 2008 07 10 00  301.500   25.000  1006.54
0000001 2008071006 2008 07 10 06  300.750   25.750  1004.85
0000001 2008071012 2008 07 10 12  300.000   26.250  1003.09
0000001 2008071018 2008 07 10 18  299.500   26.750  1002.61
0000002 2008071912 2008 07 19 12  281.250   14.750  1008.13
0000002 2008071918 2008 07 19 18  280.500   15.500  1009.04
0000002 2008072000 2008 07 20 00  279.000   15.750  1007.06
0000002 2008072006 2008 07 20 06  278.000   17.000  1008.66
0000002 2008072012 2008 07 20 12  276.750   18.250  1007.52
0000003 2008081312 2008 08 13 12  303.000   15.750  1011.44
0000003 2008081318 2008 08 13 18  302.500   16.750  1010.66
0000003 2008081400 2008 08 14 00  300.750   17.250  1011.30
0000003 2008081406 2008 08 14 06  299.250   18.250  1011.13
0000003 2008081412 2008 08 14 12  297.750   18.750  1011.39
0000003 2008081418 2008 08 14 18  296.750   18.500  1011.38
0000003 2008081500 2008 08 15 00  295.750   19.000  1011.59
0000003 2008081506 2008 08 15 06  294.750   18.750  1010.11
0000003 2008081512 2008 08 15 12  293.250   19.000  1009.61
0000003 2008081518 2008 08 15 18  291.500   18.500  1007.75
0000003 2008081600 2008 08 16 00  290.250   19.000  1007.92
0000003 2008081606 2008 08 16 06  289.000   18.250  1009.38
0000004 2008081706 2008 08 17 06  283.000   19.750  1006.75
0000004 2008081712 2008 08 17 12  281.500   20.250  1005.63
0000004 2008081718 2008 08 17 18  280.500   20.750  1005.72
0000004 2008081800 2008 08 18 00  279.750   21.000  1003.38
0000004 2008081806 2008 08 18 06  279.500   21.500  1005.08
0000004 2008081812 2008 08 18 12  278.750   22.750  1004.68
0000004 2008081818 2008 08 18 18  278.250   24.000  1003.79
0000004 2008081900 2008 08 19 00  278.500   24.750  1001.34
0000004 2008081906 2008 08 19 06  278.250   25.500  1002.05
0000004 2008081912 2008 08 19 12  278.750   26.250  1002.88
0000005 2008082506 2008 08 25 06  291.750   14.500  1007.47
0000005 2008082512 2008 08 25 12  290.750   15.500  1007.92
0000005 2008082518 2008 08 25 18  289.750   16.000  1007.29
0000005 2008082600 2008 08 26 00  289.250   16.250  1006.63
0000005 2008082606 2008 08 26 06  288.750   16.500  1006.86
0000005 2008082612 2008 08 26 12  288.000   17.750  1004.10
0000005 2008082618 2008 08 26 18  287.000   19.250  1005.61
0000005 2008082700 2008 08 27 00  286.250   19.000  1004.81
0000005 2008082706 2008 08 27 06  286.250   18.750  1006.26
0000005 2008082712 2008 08 27 12  286.250   18.750  1004.60
0000005 2008082718 2008 08 27 18  285.750   19.000  1005.01
0000005 2008082800 2008 08 28 00  285.250   19.250  1003.98
0000005 2008082806 2008 08 28 06  284.500   18.750  1003.45
0000005 2008082812 2008 08 28 12  283.500   17.500  1002.06
0000005 2008082818 2008 08 28 18  283.500   17.500  1000.91
0000005 2008082900 2008 08 29 00  283.000   17.750   998.67
0000005 2008082906 2008 08 29 06  282.000   17.750   998.81
0000005 2008082912 2008 08 29 12  281.500   18.250   997.28
0000005 2008082918 2008 08 29 18  280.750   18.750   996.90
0000005 2008083000 2008 08 30 00  280.250   19.250   989.54
0000005 2008083006 2008 08 30 06  279.250   19.750   988.80
0000005 2008083012 2008 08 30 12  278.500   20.750   983.18
0000005 2008083018 2008 08 30 18  277.500   21.500   979.94
0000005 2008083100 2008 08 31 00  276.750   22.500   980.85
0000005 2008083106 2008 08 31 06  275.750   23.500   981.19
0000006 2008082612 2008 08 26 12  304.000   20.000  1012.36
0000006 2008082618 2008 08 26 18  303.000   20.000  1010.76
0000006 2008082700 2008 08 27 00  302.500   20.000  1011.14
0000006 2008082706 2008 08 27 06  302.000   20.750  1009.78
0000006 2008082712 2008 08 27 12  301.750   19.750  1009.49
0000006 2008082718 2008 08 27 18  302.000   20.000  1008.08
0000006 2008082800 2008 08 28 00  301.500   19.750  1007.69
0000006 2008082806 2008 08 28 06  302.000   20.250  1006.07
0000006 2008082812 2008 08 28 12  301.000   20.500  1006.04
0000006 2008082818 2008 08 28 18  299.750   20.500  1004.62
0000006 2008082900 2008 08 29 00  299.250   20.750  1004.22
0000006 2008082906 2008 08 29 06  298.250   21.000  1003.99
0000006 2008082912 2008 08 29 12  297.750   21.000  1003.81
0000006 2008082918 2008 08 29 18  296.500   21.750  1003.69
0000006 2008083000 2008 08 30 00  295.500   21.500  1003.44
0000006 2008083006 2008 08 30 06  294.750   22.250  1002.05
0000006 2008083012 2008 08 30 12  293.750   22.250  1001.58
0000006 2008083018 2008 08 30 18  293.000   22.500  1000.75
0000006 2008083100 2008 08 31 00  292.250   23.250   999.49
0000006 2008083106 2008 08 31 06  291.000   23.250   999.35
0000006 2008083112 2008 08 31 12  290.250   23.500   998.45
0000006 2008083118 2008 08 31 18  289.250   23.750   998.89
0000006 2008090100 2008 09 01 00  288.500   23.500   996.48
0000006 2008090106 2008 09 01 06  288.000   23.250   995.24
0000006 2008090112 2008 09 01 12  288.000   22.750   993.56
0000006 2008090118 2008 09 01 18  287.750   22.250   986.57
0000006 2008090200 2008 09 02 00  287.750   22.000   985.45
0000006 2008090206 2008 09 02 06  287.000   21.750   985.47
0000006 2008090212 2008 09 02 12  286.750   21.000   989.17
0000006 2008090218 2008 09 02 18  287.500   20.250   990.01
0000006 2008090300 2008 09 03 00  287.750   20.000   994.50
0000006 2008090306 2008 09 03 06  287.500   20.250   993.88
0000006 2008090312 2008 09 03 12  288.000   20.250   995.79
0000006 2008090318 2008 09 03 18  288.500   21.250   993.27
0000006 2008090400 2008 09 04 00  288.500   23.000   991.36
0000006 2008090406 2008 09 04 06  288.000   23.250   990.31
0000007 2008090300 2008 09 03 00  312.750   20.000  1002.28
0000007 2008090306 2008 09 03 06  311.000   20.500  1000.08
0000007 2008090312 2008 09 03 12  309.250   20.750  1001.56
0000007 2008090318 2008 09 03 18  307.750   21.250   999.97
0000007 2008090400 2008 09 04 00  306.250   21.750   998.29
0000007 2008090406 2008 09 04 06  304.750   22.250   996.71
0000007 2008090412 2008 09 04 12  303.500   22.750   996.43
0000007 2008090418 2008 09 04 18  302.250   23.500   995.75
0000007 2008090500 2008 09 05 00  301.250   23.750   995.91
0000007 2008090506 2008 09 05 06  299.750   23.750   993.92
0000007 2008090512 2008 09 05 12  298.000   23.750   991.36
0000007 2008090518 2008 09 05 18  296.500   23.500   987.48
0000007 2008090600 2008 09 06 00  295.250   23.250   990.58
0000007 2008090606 2008 09 06 06  293.500   22.750   988.38
0000007 2008090612 2008 09 06 12  292.250   22.250   987.06
0000007 2008090618 2008 09 06 18  291.000   21.750   987.60
0000007 2008090700 2008 09 07 00  290.000   21.500   981.46
0000007 2008090706 2008 09 07 06  288.500   21.250   979.75
0000007 2008090712 2008 09 07 12  287.000   21.250   977.61
0000007 2008090718 2008 09 07 18  285.750   21.000   976.46
0000007 2008090800 2008 09 08 00  284.750   21.000   977.04
0000007 2008090806 2008 09 08 06  283.250   21.250   978.72
0000007 2008090812 2008 09 08 12  282.000   21.250   981.75
0000007 2008090818 2008 09 08 18  281.000   21.250   979.87
0000007 2008090900 2008 09 09 00  280.000   21.500   980.05
0000007 2008090906 2008 09 09 06  278.500   21.750   980.31
0000007 2008090912 2008 09 09 12  277.750   22.250   979.81
0000007 2008090918 2008 09 09 18  276.750   22.750   980.84
0000007 2008091000 2008 09 10 00  276.000   23.000   979.63
0000007 2008091006 2008 09 10 06  275.250   23.500   979.36
0000008 2008092118 2008 09 21 18  291.000   18.500  1011.06
0000008 2008092200 2008 09 22 00  292.000   18.750  1011.50
0000008 2008092206 2008 09 22 06  292.750   19.000  1010.79
0000008 2008092212 2008 09 22 12  292.250   19.250  1010.67
0000008 2008092218 2008 09 22 18  291.500   19.250  1009.10
0000008 2008092300 2008 09 23 00  291.000   19.250  1007.30
0000008 2008092306 2008 09 23 06  290.500   19.250  1005.74
0000008 2008092312 2008 09 23 12  290.000   19.250  1009.16
0000009 2008101218 2008 10 12 18  293.000   14.500  1008.00
0000009 2008101300 2008 10 13 00  291.750   15.000  1007.35
0000009 2008101306 2008 10 13 06  291.000   15.500  1006.78
0000009 2008101312 2008 10 13 12  289.500   15.000  1007.15
0000009 2008101318 2008 10 13 18  290.500   15.000  1005.46
0000009 2008101400 2008 10 14 00  289.500   14.500  1004.73
0000009 2008101406 2008 10 14 06  290.250   14.250  1002.62
0000009 2008101412 2008 10 14 12  290.500   14.000  1002.13
0000009 2008101418 2008 10 14 18  290.750   13.750  1001.45
0000009 2008101500 2008 10 15 00  291.250   13.750  1000.04
0000009 2008101506 2008 10 15 06  291.250   14.250   998.95
0000009 2008101512 2008 10 15 12  292.750   14.750   991.36
0000009 2008101518 2008 10 15 18  293.250   16.000   992.23
0000009 2008101600 2008 10 16 00  294.500   16.750   993.47
0000009 2008101606 2008 10 16 06  295.500   18.000   992.25
0000009 2008101612 2008 10 16 12  297.000   18.750  1001.22
