0000001 1988090900 1988 09 09 00  301.250   14.750  1007.72
0000001 1988090906 1988 09 09 06  301.500   14.500  1007.05
0000001 1988090912 1988 09 09 12  300.000   15.250  1006.59
0000001 1988090918 1988 09 09 18  300.000   14.500  1005.14
0000001 1988091000 1988 09 10 00  299.750   15.250  1003.21
0000002 1988091006 1988 09 10 06  297.250   16.250  1002.97
0000002 1988091012 1988 09 10 12  295.500   16.250  1003.31
0000002 1988091018 1988 09 10 18  294.250   16.750  1000.80
0000002 1988091100 1988 09 11 00  292.500   16.500   997.92
0000002 1988091106 1988 09 11 06  291.500   16.250   995.60
0000002 1988091112 1988 09 11 12  290.250   16.250   991.99
0000002 1988091118 1988 09 11 18  289.500   16.250   989.11
0000002 1988091200 1988 09 12 00  288.250   16.750   985.51
0000003 1988091300 1988 09 13 00  281.500   18.500   980.21
0000003 1988091306 1988 09 13 06  280.250   18.750   979.40
0000003 1988091312 1988 09 13 12  278.750   19.000   972.63
0000003 1988091318 1988 09 13 18  277.500   19.500   969.72
0000003 1988091400 1988 09 14 00  276.250   19.750   964.71
0000004 1988092400 1988 09 24 00  312.500   15.750  1008.14
0000004 1988092406 1988 09 24 06  312.250   16.750  1004.66
0000004 1988092412 1988 09 24 12  311.500   17.000  1006.52
0000004 1988092418 1988 09 24 18  311.250   17.750  1004.36
0000004 1988092500 1988 09 25 00  311.000   18.500  1003.80
0000004 1988092506 1988 09 25 06  310.750   19.250  1000.68
0000004 1988092512 1988 09 25 12  310.250   20.000  1001.65
0000004 1988092518 1988 09 25 18  309.750   20.500  1000.68
0000004 1988092600 1988 09 26 00  309.750   21.500  1001.03
0000004 1988092606 1988 09 26 06  309.500   22.750   996.69
0000004 1988092612 1988 09 26 12  309.250   24.250   993.30
0000004 1988092618 1988 09 26 18  309.000   25.750   990.04
0000005 1988101800 1988 10 18 00  285.750   12.000  1006.56
0000005 1988101806 1988 10 18 06  284.500   11.750  1006.57
0000005 1988101812 1988 10 18 12  284.000   11.500  1005.20
0000005 1988101818 1988 10 18 18  283.750   11.500  1003.66
0000005 1988101900 1988 10 19 00  283.000   11.500  1005.02
0000005 1988101906 1988 10 19 06  282.500   11.250  1004.01
0000005 1988101912 1988 10 19 12  281.250   11.000  1002.25
0000005 1988101918 1988 10 19 18  281.000   10.750   999.53
0000005 1988102000 1988 10 20 00  281.500   10.750   999.77
0000005 1988102006 1988 10 20 06  281.500   11.000   999.52
0000005 1988102012 1988 10 20 12  281.000   11.250   999.15
0000005 1988102018 1988 10 20 18  280.750   11.250   996.83
0000005 1988102100 1988 10 21 00  280.250   11.500   996.84
0000005 1988102106 1988 10 21 06  279.500   11.750   996.49
0000005 1988102112 1988 10 21 12  278.750   11.750   992.64
0000005 1988102118 1988 10 21 18  278.000   12.000   992.60
0000005 1988102200 1988 10 22 00  277.500   11.750   989.73
0000005 1988102206 1988 10 22 06  276.750   12.000   990.11
0000005 1988102212 1988 10 22 12  276.000   12.250   996.31
