0000001 2004072718 2004 07 27 18  289.500   11.250  1007.54
0000001 2004072800 2004 07 28 00  289.250   11.250  1007.80
0000001 2004072806 2004 07 28 06  288.750   11.000  1009.39
0000001 2004072812 2004 07 28 12  288.250   11.000  1010.53
0000001 2004072818 2004 07 28 18  290.000   11.250  1008.08
0000002 2004081106 2004 08 11 06  285.250   15.250  1010.34
0000002 2004081112 2004 08 11 12  283.750   16.000  1010.84
0000002 2004081118 2004 08 11 18  282.250   16.750  1010.42
0000002 2004081200 2004 08 12 00  281.750   17.500  1009.45
0000002 2004081206 2004 08 12 06  280.750   18.250  1006.31
0000002 2004081212 2004 08 12 12  279.750   19.250  1002.64
0000002 2004081218 2004 08 12 18  278.750   20.500  1003.62
0000002 2004081300 2004 08 13 00  278.000   21.500  1001.38
0000002 2004081306 2004 08 13 06  277.250   22.750  1000.26
0000002 2004081312 2004 08 13 12  277.500   24.250  1001.91
0000002 2004081318 2004 08 13 18  277.500   26.000   999.64
0000003 2004082318 2004 08 23 18  289.250   11.000  1007.18
0000003 2004082400 2004 08 24 00  288.750   11.000  1007.38
0000003 2004082406 2004 08 24 06  288.500   10.000  1008.40
0000003 2004082412 2004 08 24 12  288.500   10.000  1010.05
0000003 2004082418 2004 08 24 18  289.250   11.000  1008.77
0000003 2004082500 2004 08 25 00  288.250   10.000  1009.20
0000003 2004082506 2004 08 25 06  288.250   10.000  1010.11
0000004 2004082706 2004 08 27 06  312.000   14.000  1007.88
0000004 2004082712 2004 08 27 12  311.500   14.250  1008.70
0000004 2004082718 2004 08 27 18  310.750   15.000  1006.47
0000004 2004082800 2004 08 28 00  309.750   16.000  1006.93
0000004 2004082806 2004 08 28 06  308.750   16.500  1004.46
0000004 2004082812 2004 08 28 12  308.000   16.750  1002.05
0000004 2004082818 2004 08 28 18  307.500   17.500  1001.03
0000004 2004082900 2004 08 29 00  307.000   18.000  1000.73
0000004 2004082906 2004 08 29 06  306.250   18.250   996.98
0000004 2004082912 2004 08 29 12  305.500   18.500   995.91
0000004 2004082918 2004 08 29 18  305.000   18.750   993.17
0000004 2004083000 2004 08 30 00  304.250   19.000   988.82
0000004 2004083006 2004 08 30 06  303.250   19.000   987.94
0000004 2004083012 2004 08 30 12  302.000   19.250   986.03
0000004 2004083018 2004 08 30 18  300.750   19.500   981.89
0000004 2004083100 2004 08 31 00  299.500   19.500   981.65
0000004 2004083106 2004 08 31 06  298.000   20.000   985.04
0000004 2004083112 2004 08 31 12  296.500   20.000   979.76
0000004 2004083118 2004 08 31 18  295.000   20.500   977.26
0000004 2004090100 2004 09 01 00  293.750   20.750   974.42
0000004 2004090106 2004 09 01 06  292.250   21.000   972.42
0000004 2004090112 2004 09 01 12  291.000   21.500   969.58
0000004 2004090118 2004 09 01 18  289.750   21.750   968.74
0000004 2004090200 2004 09 02 00  288.750   22.250   966.35
0000004 2004090206 2004 09 02 06  287.500   22.500   965.32
0000004 2004090212 2004 09 02 12  286.500   23.250   963.68
0000004 2004090218 2004 09 02 18  285.750   23.750   961.76
0000004 2004090300 2004 09 03 00  285.000   24.250   958.28
0000004 2004090306 2004 09 03 06  284.250   24.750   965.30
0000004 2004090312 2004 09 03 12  283.500   25.250   964.48
0000004 2004090318 2004 09 03 18  283.000   25.750   969.89
0000004 2004090400 2004 09 04 00  282.500   26.000   969.28
0000004 2004090406 2004 09 04 06  282.000   26.250   970.17
0000004 2004090412 2004 09 04 12  281.500   26.750   969.91
0000004 2004090418 2004 09 04 18  281.000   26.750   967.62
0000005 2004090606 2004 09 06 06  309.250   10.750  1000.75
0000005 2004090612 2004 09 06 12  307.500   11.000  1001.66
0000005 2004090618 2004 09 06 18  305.750   11.250   998.67
0000005 2004090700 2004 09 07 00  304.000   11.500   996.12
0000005 2004090706 2004 09 07 06  302.250   11.500   994.85
0000005 2004090712 2004 09 07 12  300.750   11.750   992.29
0000005 2004090718 2004 09 07 18  299.000   11.750   992.71
0000005 2004090800 2004 09 08 00  297.500   12.250   992.88
0000005 2004090806 2004 09 08 06  296.000   12.250   990.62
0000005 2004090812 2004 09 08 12  294.500   12.500   987.68
0000005 2004090818 2004 09 08 18  293.000   13.000   990.59
0000005 2004090900 2004 09 09 00  291.750   13.250   988.85
0000005 2004090906 2004 09 09 06  290.500   13.500   985.74
0000005 2004090912 2004 09 09 12  289.250   14.250   980.41
0000005 2004090918 2004 09 09 18  288.250   14.750   985.00
0000005 2004091000 2004 09 10 00  287.250   15.000   980.35
0000005 2004091006 2004 09 10 06  286.500   15.750   979.38
0000005 2004091012 2004 09 10 12  285.250   16.500   972.80
0000005 2004091018 2004 09 10 18  284.250   17.000   977.03
0000005 2004091100 2004 09 11 00  283.500   17.250   970.31
0000005 2004091106 2004 09 11 06  282.500   17.500   971.85
0000005 2004091112 2004 09 11 12  281.750   17.750   971.69
0000005 2004091118 2004 09 11 18  281.000   18.000   969.99
0000005 2004091200 2004 09 12 00  280.500   18.250   964.23
0000005 2004091206 2004 09 12 06  279.500   18.500   961.81
0000005 2004091212 2004 09 12 12  278.750   18.750   954.97
0000005 2004091218 2004 09 12 18  277.750   19.250   956.18
0000005 2004091300 2004 09 13 00  277.250   19.750   957.65
0000005 2004091306 2004 09 13 06  276.500   20.000   964.95
0000005 2004091312 2004 09 13 12  275.750   20.500   961.79
0000005 2004091318 2004 09 13 18  275.500   21.000   954.69
0000006 2004091318 2004 09 13 18  300.000   16.250  1011.93
0000006 2004091400 2004 09 14 00  298.750   16.750  1011.84
0000006 2004091406 2004 09 14 06  298.250   17.000  1010.36
0000006 2004091412 2004 09 14 12  297.000   17.250  1011.23
0000006 2004091418 2004 09 14 18  296.750   17.000  1009.45
0000006 2004091500 2004 09 15 00  295.250   17.500  1009.99
0000006 2004091506 2004 09 15 06  294.250   17.250  1009.37
0000006 2004091512 2004 09 15 12  294.500   17.250  1009.25
0000006 2004091518 2004 09 15 18  294.250   18.000  1008.47
0000006 2004091600 2004 09 16 00  293.250   18.750  1005.75
0000006 2004091606 2004 09 16 06  292.250   18.500  1004.59
0000006 2004091612 2004 09 16 12  291.500   18.750  1004.52
0000006 2004091618 2004 09 16 18  291.000   19.000  1004.49
0000006 2004091700 2004 09 17 00  290.750   19.500  1002.06
0000006 2004091706 2004 09 17 06  290.000   19.750  1003.03
0000006 2004091712 2004 09 17 12  289.000   20.000  1004.34
0000006 2004091718 2004 09 17 18  288.250   20.000  1004.43
0000006 2004091800 2004 09 18 00  288.000   20.250  1004.47
0000006 2004091806 2004 09 18 06  287.750   20.500  1004.58
0000006 2004091812 2004 09 18 12  287.500   20.750  1004.14
0000006 2004091818 2004 09 18 18  287.250   21.000  1005.06
0000006 2004091900 2004 09 19 00  287.750   21.750  1001.61
0000006 2004091906 2004 09 19 06  287.750   22.500  1000.77
0000006 2004091912 2004 09 19 12  288.000   23.250  1001.75
0000006 2004091918 2004 09 19 18  288.000   24.000  1001.15
0000006 2004092000 2004 09 20 00  288.000   25.000   997.69
0000006 2004092006 2004 09 20 06  288.250   25.500   996.31
0000006 2004092012 2004 09 20 12  288.250   26.500   993.75
0000007 2004092100 2004 09 21 00  312.750   18.750   980.89
0000007 2004092106 2004 09 21 06  312.500   19.500   974.77
0000007 2004092112 2004 09 21 12  312.250   20.500   970.89
0000007 2004092118 2004 09 21 18  311.750   22.000   967.60
0000007 2004092200 2004 09 22 00  311.250   23.500   969.77
0000007 2004092206 2004 09 22 06  310.750   25.000   972.75
0000007 2004092212 2004 09 22 12  310.500   26.000   973.67
0000008 2004092306 2004 09 23 06  290.750   25.500   983.04
0000008 2004092312 2004 09 23 12  290.500   25.500   982.67
0000008 2004092318 2004 09 23 18  290.250   25.750   982.79
0000008 2004092400 2004 09 24 00  289.500   26.000   979.04
0000008 2004092406 2004 09 24 06  288.750   26.000   979.79
0000008 2004092412 2004 09 24 12  288.000   26.250   980.23
0000008 2004092418 2004 09 24 18  287.000   26.250   978.05
0000008 2004092500 2004 09 25 00  285.750   26.500   977.01
0000008 2004092506 2004 09 25 06  284.500   26.500   974.90
0000008 2004092512 2004 09 25 12  283.250   26.500   974.83
