0000001 1995071406 1995 07 14 06  293.500   19.750  1011.85
0000001 1995071412 1995 07 14 12  293.500   19.750  1012.36
0000001 1995071418 1995 07 14 18  293.000   20.750  1011.83
0000001 1995071500 1995 07 15 00  293.250   22.250  1010.38
0000001 1995071506 1995 07 15 06  292.500   21.750  1009.90
0000001 1995071512 1995 07 15 12  292.250   23.000  1008.88
0000001 1995071518 1995 07 15 18  291.750   23.000  1009.08
0000001 1995071600 1995 07 16 00  291.250   23.500  1007.80
0000001 1995071606 1995 07 16 06  290.750   24.250  1007.53
0000001 1995071612 1995 07 16 12  291.000   25.250  1006.47
0000001 1995071618 1995 07 16 18  290.500   26.250  1006.18
0000002 1995073100 1995 07 31 00  287.500   23.250  1007.16
0000002 1995073106 1995 07 31 06  286.000   23.250  1005.75
0000002 1995073112 1995 07 31 12  285.000   23.500  1004.34
0000002 1995073118 1995 07 31 18  284.000   23.250  1004.96
0000002 1995080100 1995 08 01 00  283.000   23.250  1005.81
0000002 1995080106 1995 08 01 06  283.250   24.500  1004.36
0000002 1995080112 1995 08 01 12  283.750   25.250  1002.68
0000002 1995080118 1995 08 01 18  282.500   26.250  1001.26
0000003 1995081012 1995 08 10 12  310.250   18.000  1000.81
0000003 1995081018 1995 08 10 18  308.750   18.500   998.85
0000003 1995081100 1995 08 11 00  307.250   19.000   998.45
0000003 1995081106 1995 08 11 06  305.500   19.500   995.26
0000003 1995081112 1995 08 11 12  304.250   20.250   995.77
0000003 1995081118 1995 08 11 18  303.000   21.000   994.92
0000003 1995081200 1995 08 12 00  301.750   21.750   994.02
0000003 1995081206 1995 08 12 06  300.750   22.500   992.75
0000003 1995081212 1995 08 12 12  299.750   23.250   989.90
0000003 1995081218 1995 08 12 18  298.750   24.250   988.33
0000003 1995081300 1995 08 13 00  298.000   25.250   986.01
0000003 1995081306 1995 08 13 06  297.500   26.000   984.77
0000003 1995081312 1995 08 13 12  297.250   26.500   983.23
0000004 1995082606 1995 08 26 06  312.750   19.750   994.38
0000004 1995082612 1995 08 26 12  312.000   21.000   995.60
0000004 1995082618 1995 08 26 18  311.750   21.500   996.13
0000004 1995082700 1995 08 27 00  311.250   22.250   998.70
0000004 1995082706 1995 08 27 06  311.000   22.750   999.89
0000004 1995082712 1995 08 27 12  311.000   23.500  1003.05
0000004 1995082718 1995 08 27 18  310.750   24.250  1002.50
0000004 1995082800 1995 08 28 00  311.000   25.250  1006.81
0000005 1995082200 1995 08 22 00  312.250   13.000  1010.72
0000005 1995082206 1995 08 22 06  311.000   13.250  1008.73
0000005 1995082212 1995 08 22 12  310.500   13.500  1009.54
0000005 1995082218 1995 08 22 18  309.500   14.000  1006.56
0000005 1995082300 1995 08 23 00  308.750   14.500  1006.64
0000005 1995082306 1995 08 23 06  308.000   15.000  1004.16
0000005 1995082312 1995 08 23 12  307.000   15.250  1007.04
0000005 1995082318 1995 08 23 18  306.500   15.500  1005.73
0000005 1995082400 1995 08 24 00  306.000   15.250  1006.52
0000005 1995082406 1995 08 24 06  305.250   15.250  1005.21
0000005 1995082412 1995 08 24 12  304.750   15.000  1006.18
0000005 1995082418 1995 08 24 18  304.250   15.000  1005.16
0000005 1995082500 1995 08 25 00  303.000   14.750  1005.75
0000005 1995082506 1995 08 25 06  302.250   14.500  1005.47
0000005 1995082512 1995 08 25 12  301.250   14.500  1007.28
0000005 1995082518 1995 08 25 18  300.250   14.250  1006.44
0000005 1995082600 1995 08 26 00  300.000   14.500  1005.84
0000005 1995082606 1995 08 26 06  299.500   14.750  1006.15
0000005 1995082612 1995 08 26 12  298.500   14.750  1006.85
0000005 1995082618 1995 08 26 18  298.000   14.250  1006.01
0000005 1995082700 1995 08 27 00  298.250   14.500  1005.80
0000005 1995082706 1995 08 27 06  297.750   14.750  1005.37
0000005 1995082712 1995 08 27 12  298.250   15.500  1005.70
0000005 1995082718 1995 08 27 18  298.250   16.750  1004.38
0000005 1995082800 1995 08 28 00  298.000   17.250  1004.72
0000005 1995082806 1995 08 28 06  298.250   18.500  1003.40
0000005 1995082812 1995 08 28 12  297.750   19.500  1003.50
0000005 1995082818 1995 08 28 18  297.500   20.500  1003.07
0000005 1995082900 1995 08 29 00  297.750   21.500  1001.71
0000005 1995082906 1995 08 29 06  297.750   21.500   999.71
0000005 1995082912 1995 08 29 12  297.750   22.750   998.61
0000005 1995082918 1995 08 29 18  297.500   23.000   997.61
0000005 1995083000 1995 08 30 00  298.000   23.500   993.56
0000005 1995083006 1995 08 30 06  298.000   23.750   993.42
0000005 1995083012 1995 08 30 12  298.750   24.000   995.43
0000005 1995083018 1995 08 30 18  299.250   24.500   991.53
0000005 1995083100 1995 08 31 00  300.000   24.500   988.34
0000005 1995083106 1995 08 31 06  300.750   24.250   984.80
0000005 1995083112 1995 08 31 12  301.250   24.750   984.26
0000005 1995083118 1995 08 31 18  301.500   25.000   983.90
0000005 1995090100 1995 09 01 00  301.500   25.250   986.52
0000005 1995090106 1995 09 01 06  301.500   25.250   985.27
0000005 1995090112 1995 09 01 12  301.250   25.500   983.99
0000005 1995090118 1995 09 01 18  301.000   25.750   983.46
0000005 1995090200 1995 09 02 00  300.750   26.250   985.15
0000006 1995090212 1995 09 02 12  311.750   17.000   996.83
0000006 1995090218 1995 09 02 18  310.500   17.250   994.34
0000006 1995090300 1995 09 03 00  309.250   17.250   992.42
0000006 1995090306 1995 09 03 06  308.000   17.500   991.21
0000006 1995090312 1995 09 03 12  306.750   17.250   988.88
0000006 1995090318 1995 09 03 18  305.750   17.250   983.61
0000006 1995090400 1995 09 04 00  304.500   17.250   981.35
0000006 1995090406 1995 09 04 06  303.250   17.000   976.65
0000006 1995090412 1995 09 04 12  302.250   17.000   974.86
0000006 1995090418 1995 09 04 18  301.000   17.250   972.21
0000006 1995090500 1995 09 05 00  300.000   17.250   970.62
0000006 1995090506 1995 09 05 06  299.250   17.500   967.79
0000006 1995090512 1995 09 05 12  298.500   17.750   968.18
0000006 1995090518 1995 09 05 18  297.750   18.250   966.20
0000006 1995090600 1995 09 06 00  297.000   18.750   963.19
0000006 1995090606 1995 09 06 06  296.500   19.000   959.50
0000006 1995090612 1995 09 06 12  295.750   19.750   959.78
0000006 1995090618 1995 09 06 18  295.250   20.250   956.78
0000006 1995090700 1995 09 07 00  294.500   20.750   950.84
0000006 1995090706 1995 09 07 06  294.000   21.250   954.25
0000006 1995090712 1995 09 07 12  293.250   22.000   950.73
0000006 1995090718 1995 09 07 18  292.750   23.000   949.68
0000006 1995090800 1995 09 08 00  292.000   24.000   947.17
0000006 1995090806 1995 09 08 06  291.500   24.750   947.72
0000006 1995090812 1995 09 08 12  290.750   25.750   948.69
0000007 1995091318 1995 09 13 18  304.000   12.500  1008.82
0000007 1995091400 1995 09 14 00  303.000   13.000  1008.20
0000007 1995091406 1995 09 14 06  301.500   13.250  1006.54
0000007 1995091412 1995 09 14 12  300.250   14.250  1006.78
0000007 1995091418 1995 09 14 18  299.250   15.250  1005.93
0000007 1995091500 1995 09 15 00  298.000   15.750  1006.18
0000007 1995091506 1995 09 15 06  296.750   16.250  1005.49
0000007 1995091512 1995 09 15 12  296.250   16.750  1006.17
0000007 1995091518 1995 09 15 18  295.750   17.250  1004.80
0000007 1995091600 1995 09 16 00  295.500   17.750  1003.95
0000007 1995091606 1995 09 16 06  294.750   18.250  1002.47
0000007 1995091612 1995 09 16 12  294.250   19.250  1001.34
0000007 1995091618 1995 09 16 18  293.750   20.000   999.09
0000007 1995091700 1995 09 17 00  293.000   20.500   997.61
0000007 1995091706 1995 09 17 06  292.500   21.250   995.33
0000007 1995091712 1995 09 17 12  291.750   22.250   991.67
0000007 1995091718 1995 09 17 18  291.000   23.250   986.11
0000007 1995091800 1995 09 18 00  290.500   24.000   983.11
0000007 1995091806 1995 09 18 06  290.250   25.250   983.16
0000007 1995091812 1995 09 18 12  290.500   26.250   982.65
0000008 1995100706 1995 10 07 06  278.250   14.250  1004.86
0000008 1995100712 1995 10 07 12  277.500   14.250  1004.62
0000008 1995100718 1995 10 07 18  277.750   15.000  1004.41
0000008 1995100800 1995 10 08 00  277.250   15.750  1004.81
0000008 1995100806 1995 10 08 06  277.500   16.250  1005.58
0000008 1995100812 1995 10 08 12  277.500   16.500  1005.96
0000008 1995100818 1995 10 08 18  277.250   17.000  1005.73
0000008 1995100900 1995 10 09 00  277.000   17.000  1004.09
0000008 1995100906 1995 10 09 06  277.250   17.000  1004.17
0000008 1995100912 1995 10 09 12  277.500   18.000  1001.32
0000008 1995100918 1995 10 09 18  277.000   18.500  1000.25
0000008 1995101000 1995 10 10 00  276.250   19.250   997.22
0000008 1995101006 1995 10 10 06  275.500   19.250   995.57
