0000001 1996070712 1996 07 07 12  303.250   16.500  1002.87
0000001 1996070718 1996 07 07 18  301.500   17.000  1000.16
0000001 1996070800 1996 07 08 00  299.750   17.250   997.64
0000001 1996070806 1996 07 08 06  298.250   17.500   995.76
0000001 1996070812 1996 07 08 12  296.750   17.750   995.40
0000001 1996070818 1996 07 08 18  295.000   18.250   993.75
0000001 1996070900 1996 07 09 00  293.750   19.000   993.01
0000001 1996070906 1996 07 09 06  292.250   19.750   991.94
0000002 1996072612 1996 07 26 12  285.250   12.250  1006.14
0000002 1996072618 1996 07 26 18  284.000   12.000  1005.89
0000002 1996072700 1996 07 27 00  282.750   11.750  1004.54
0000002 1996072706 1996 07 27 06  281.500   11.750  1003.90
0000002 1996072712 1996 07 27 12  280.000   11.500  1002.44
0000002 1996072718 1996 07 27 18  279.000   12.000  1002.80
0000002 1996072800 1996 07 28 00  277.500   12.000  1001.92
0000002 1996072806 1996 07 28 06  276.000   12.000  1002.34
0000003 1996082506 1996 08 25 06  312.750   15.500  1001.07
0000003 1996082512 1996 08 25 12  311.250   15.750  1000.99
0000003 1996082518 1996 08 25 18  310.250   16.500  1000.52
0000003 1996082600 1996 08 26 00  309.000   16.500  1001.46
0000003 1996082606 1996 08 26 06  307.750   17.000  1001.69
0000003 1996082612 1996 08 26 12  306.250   17.500  1003.28
0000003 1996082618 1996 08 26 18  304.750   17.750  1000.61
0000003 1996082700 1996 08 27 00  304.500   18.250  1000.82
0000003 1996082706 1996 08 27 06  303.000   19.250   996.91
0000003 1996082712 1996 08 27 12  302.000   19.500   995.13
0000004 1996082718 1996 08 27 18  300.500   20.750   999.11
0000004 1996082800 1996 08 28 00  299.000   21.000   996.21
0000004 1996082806 1996 08 28 06  298.250   21.000   996.52
0000004 1996082812 1996 08 28 12  297.000   22.000   997.93
0000004 1996082818 1996 08 28 18  295.500   22.750   996.10
0000004 1996082900 1996 08 29 00  294.250   23.250   994.52
0000004 1996082906 1996 08 29 06  292.750   23.750   997.14
0000004 1996082912 1996 08 29 12  291.750   24.000   997.41
0000004 1996082918 1996 08 29 18  290.750   24.500   995.30
0000004 1996083000 1996 08 30 00  291.000   25.500   991.10
0000004 1996083006 1996 08 30 06  290.000   26.500   992.55
0000005 1996082818 1996 08 28 18  306.750   16.500  1005.61
0000005 1996082900 1996 08 29 00  305.250   17.000  1007.07
0000005 1996082906 1996 08 29 06  303.750   17.250  1005.72
0000005 1996082912 1996 08 29 12  302.750   17.500  1007.93
0000005 1996082918 1996 08 29 18  301.750   18.000  1006.04
0000005 1996083000 1996 08 30 00  301.250   18.750  1006.93
0000005 1996083006 1996 08 30 06  300.250   19.250  1005.97
0000005 1996083012 1996 08 30 12  299.500   19.750  1005.98
0000005 1996083018 1996 08 30 18  299.000   20.250  1005.55
0000005 1996083100 1996 08 31 00  298.250   20.500  1004.82
0000005 1996083106 1996 08 31 06  298.250   20.750  1004.65
0000005 1996083112 1996 08 31 12  298.250   21.250  1005.83
0000005 1996083118 1996 08 31 18  298.750   21.750  1003.00
0000005 1996090100 1996 09 01 00  298.000   22.000  1001.35
0000005 1996090106 1996 09 01 06  297.500   22.000   999.25
0000005 1996090112 1996 09 01 12  297.000   22.250   998.41
0000005 1996090118 1996 09 01 18  296.000   22.750   997.62
0000005 1996090200 1996 09 02 00  295.500   23.000   996.51
0000005 1996090206 1996 09 02 06  294.500   23.250   996.73
0000005 1996090212 1996 09 02 12  293.250   23.500   995.42
0000005 1996090218 1996 09 02 18  292.000   24.000   995.09
0000005 1996090300 1996 09 03 00  291.000   24.250   990.91
0000005 1996090306 1996 09 03 06  289.750   24.750   989.26
0000005 1996090312 1996 09 03 12  288.500   25.000   986.69
0000005 1996090318 1996 09 03 18  287.750   25.500   983.46
0000005 1996090400 1996 09 04 00  287.000   25.750   976.35
0000005 1996090406 1996 09 04 06  286.000   26.500   971.70
0000006 1996090500 1996 09 05 00  310.000   14.250  1008.05
0000006 1996090506 1996 09 05 06  309.000   14.750  1007.97
0000006 1996090512 1996 09 05 12  308.000   14.750  1009.99
0000006 1996090518 1996 09 05 18  307.000   14.750  1008.69
0000006 1996090600 1996 09 06 00  306.250   14.500  1009.54
0000006 1996090606 1996 09 06 06  305.500   14.500  1008.15
0000006 1996090612 1996 09 06 12  304.250   14.250  1009.44
0000006 1996090618 1996 09 06 18  303.250   15.750  1008.51
0000006 1996090700 1996 09 07 00  301.750   16.000  1008.80
0000006 1996090706 1996 09 07 06  301.000   16.000  1006.92
0000006 1996090712 1996 09 07 12  300.500   15.500  1007.81
0000006 1996090718 1996 09 07 18  299.500   16.000  1006.29
0000006 1996090800 1996 09 08 00  298.000   16.000  1005.71
0000006 1996090806 1996 09 08 06  297.750   16.250  1004.42
0000006 1996090812 1996 09 08 12  296.500   15.750  1005.06
0000006 1996090818 1996 09 08 18  296.250   16.000  1004.02
0000006 1996090900 1996 09 09 00  295.750   16.000  1004.14
0000006 1996090906 1996 09 09 06  295.000   15.750  1002.25
0000006 1996090912 1996 09 09 12  294.500   16.000  1002.55
0000006 1996090918 1996 09 09 18  294.000   16.250  1001.34
0000006 1996091000 1996 09 10 00  293.500   17.000  1001.29
0000006 1996091006 1996 09 10 06  293.000   17.500  1001.42
0000006 1996091012 1996 09 10 12  292.000   18.000  1001.27
0000006 1996091018 1996 09 10 18  291.250   18.750   998.29
0000006 1996091100 1996 09 11 00  291.000   19.500   998.81
0000006 1996091106 1996 09 11 06  290.500   20.000   996.13
0000006 1996091112 1996 09 11 12  289.750   21.000   992.53
0000006 1996091118 1996 09 11 18  289.500   21.750   992.02
0000006 1996091200 1996 09 12 00  289.000   22.500   989.30
0000006 1996091206 1996 09 12 06  288.500   23.000   989.30
0000006 1996091212 1996 09 12 12  288.250   23.750   984.98
0000006 1996091218 1996 09 12 18  288.250   24.500   984.95
0000006 1996091300 1996 09 13 00  288.500   25.500   979.73
0000007 1996101406 1996 10 14 06  279.250   14.250  1007.81
0000007 1996101412 1996 10 14 12  279.000   13.500  1007.38
0000007 1996101418 1996 10 14 18  278.250   12.750  1006.69
0000007 1996101500 1996 10 15 00  279.000   13.500  1006.53
0000007 1996101506 1996 10 15 06  278.500   13.750  1007.73
0000007 1996101512 1996 10 15 12  278.000   15.250  1007.67
0000007 1996101518 1996 10 15 18  278.000   15.000  1007.55
0000007 1996101600 1996 10 16 00  277.000   16.500  1006.12
0000007 1996101606 1996 10 16 06  277.000   17.250  1006.86
0000007 1996101612 1996 10 16 12  276.250   17.750  1005.91
0000007 1996101618 1996 10 16 18  276.000   18.500  1006.55
0000007 1996101700 1996 10 17 00  275.250   18.500  1004.73
0000007 1996101706 1996 10 17 06  275.500   19.500  1005.17
0000007 1996101712 1996 10 17 12  276.000   19.250  1003.34
0000007 1996101718 1996 10 17 18  276.750   20.250  1002.99
0000007 1996101800 1996 10 18 00  277.000   21.000  1000.81
0000007 1996101806 1996 10 18 06  278.000   21.750   999.47
0000007 1996101812 1996 10 18 12  278.750   22.000   997.62
0000007 1996101818 1996 10 18 18  279.750   22.500   997.47
