0000001 1980060818 1980 06 08 18  289.250   11.000  1006.91
0000001 1980060900 1980 06 09 00  288.750   11.000  1005.81
0000001 1980060906 1980 06 09 06  288.500   10.000  1007.80
0000001 1980060912 1980 06 09 12  289.000    9.500  1007.33
0000001 1980060918 1980 06 09 18  289.250   11.000  1005.01
0000001 1980061000 1980 06 10 00  288.750   11.000  1005.79
0000001 1980061006 1980 06 10 06  289.000    9.500  1007.25
0000001 1980061012 1980 06 10 12  289.000    9.500  1008.24
0000001 1980061018 1980 06 10 18  289.500   11.250  1007.40
0000001 1980061100 1980 06 11 00  289.250   11.250  1006.60
0000001 1980061106 1980 06 11 06  288.250   11.000  1009.45
0000001 1980061112 1980 06 11 12  288.500   10.000  1010.62
0000001 1980061118 1980 06 11 18  287.500    9.750  1009.31
0000002 1980072118 1980 07 21 18  289.250   11.000  1006.96
0000002 1980072200 1980 07 22 00  288.750   11.000  1008.04
0000002 1980072206 1980 07 22 06  288.500   10.000  1009.09
0000002 1980072212 1980 07 22 12  288.500   10.000  1010.36
0000002 1980072218 1980 07 22 18  289.250   11.000  1008.85
0000002 1980072300 1980 07 23 00  288.500   10.000  1008.60
0000002 1980072306 1980 07 23 06  288.250   10.500  1009.68
0000003 1980090518 1980 09 05 18  289.500   11.250  1007.30
0000003 1980090600 1980 09 06 00  289.500   11.500  1007.92
0000003 1980090606 1980 09 06 06  288.500   10.000  1008.90
0000003 1980090612 1980 09 06 12  288.250   11.250  1009.89
0000003 1980090618 1980 09 06 18  289.750   11.250  1008.35
0000004 1980091418 1980 09 14 18  312.250   20.750  1007.73
0000004 1980091500 1980 09 15 00  311.500   21.500  1009.32
0000004 1980091506 1980 09 15 06  310.500   22.500  1007.43
0000004 1980091512 1980 09 15 12  310.250   23.750  1007.61
0000004 1980091518 1980 09 15 18  310.750   25.250  1004.81
0000004 1980091600 1980 09 16 00  310.750   26.500  1004.95
