0000001 2005060906 2005 06 09 06  276.750   19.000  1004.49
0000001 2005060912 2005 06 09 12  275.750   19.250  1002.61
0000001 2005060918 2005 06 09 18  275.500   20.500  1003.20
0000001 2005061000 2005 06 10 00  276.000   20.000  1001.58
0000001 2005061006 2005 06 10 06  275.500   21.250  1002.13
0000001 2005061012 2005 06 10 12  275.500   22.750  1001.43
0000002 2005070512 2005 07 05 12  294.750   14.750  1010.64
0000002 2005070518 2005 07 05 18  293.000   15.000  1009.71
0000002 2005070600 2005 07 06 00  291.500   14.750  1005.99
0000002 2005070606 2005 07 06 06  290.750   15.000  1002.84
0000002 2005070612 2005 07 06 12  289.250   15.500  1001.58
0000002 2005070618 2005 07 06 18  288.250   16.000  1001.18
0000002 2005070700 2005 07 07 00  287.000   16.250   996.18
0000002 2005070706 2005 07 07 06  286.250   16.750   993.47
0000002 2005070712 2005 07 07 12  285.000   17.750   993.43
0000002 2005070718 2005 07 07 18  283.750   18.750   991.97
0000002 2005070800 2005 07 08 00  283.000   19.250   987.88
0000002 2005070806 2005 07 08 06  281.750   20.250   987.50
0000002 2005070812 2005 07 08 12  280.500   21.000   988.05
0000002 2005070818 2005 07 08 18  279.500   22.000   988.41
0000002 2005070900 2005 07 09 00  278.500   22.750   989.40
0000002 2005070906 2005 07 09 06  277.500   23.500   989.34
0000002 2005070912 2005 07 09 12  276.500   24.250   987.03
0000002 2005070918 2005 07 09 18  275.750   25.250   984.65
0000003 2005071312 2005 07 13 12  302.500   12.000  1008.99
0000003 2005071318 2005 07 13 18  300.750   12.000  1006.96
0000003 2005071400 2005 07 14 00  300.000   12.000  1005.04
0000003 2005071406 2005 07 14 06  298.250   12.000  1004.40
0000003 2005071412 2005 07 14 12  297.000   12.750  1004.01
0000004 2005071606 2005 07 16 06  284.750   15.500   996.80
0000004 2005071612 2005 07 16 12  283.250   16.000   993.79
0000004 2005071618 2005 07 16 18  282.000   16.500   995.51
0000004 2005071700 2005 07 17 00  280.500   17.000   991.14
0000004 2005071706 2005 07 17 06  279.000   17.750   989.37
0000004 2005071712 2005 07 17 12  277.250   18.250   990.72
0000004 2005071718 2005 07 17 18  275.750   18.750   989.76
0000005 2005080800 2005 08 08 00  312.500   21.250  1011.12
0000005 2005080806 2005 08 08 06  311.250   21.500  1010.27
0000005 2005080812 2005 08 08 12  310.000   22.000  1011.64
0000005 2005080818 2005 08 08 18  308.750   22.250  1011.91
0000005 2005080900 2005 08 09 00  308.000   22.250  1013.06
0000005 2005080906 2005 08 09 06  306.500   22.250  1012.75
0000005 2005080912 2005 08 09 12  305.750   22.250  1014.00
0000005 2005080918 2005 08 09 18  305.000   22.000  1013.61
0000005 2005081000 2005 08 10 00  303.250   22.500  1014.95
0000005 2005081006 2005 08 10 06  302.250   22.500  1013.74
0000005 2005081012 2005 08 10 12  301.500   22.250  1014.85
0000005 2005081018 2005 08 10 18  300.500   22.250  1014.04
0000005 2005081100 2005 08 11 00  299.500   22.750  1014.28
0000005 2005081106 2005 08 11 06  297.750   23.250  1013.73
0000005 2005081112 2005 08 11 12  297.250   24.000  1014.72
0000005 2005081118 2005 08 11 18  297.000   25.750  1013.62
0000005 2005081200 2005 08 12 00  296.000   26.250  1013.06
0000006 2005082400 2005 08 24 00  284.500   23.750  1009.72
0000006 2005082406 2005 08 24 06  283.500   24.500  1009.94
0000006 2005082412 2005 08 24 12  283.000   25.000  1009.46
0000006 2005082418 2005 08 24 18  282.500   26.000  1010.00
0000006 2005082500 2005 08 25 00  282.000   26.000  1008.67
0000006 2005082506 2005 08 25 06  281.250   26.250  1009.09
0000006 2005082512 2005 08 25 12  281.000   26.250  1005.34
0000006 2005082518 2005 08 25 18  280.750   26.500  1002.90
0000006 2005082600 2005 08 26 00  279.750   26.000  1000.55
0000006 2005082606 2005 08 26 06  279.000   25.750   999.46
0000006 2005082612 2005 08 26 12  278.000   25.250   995.51
0000006 2005082618 2005 08 26 18  277.500   25.000   992.29
0000006 2005082700 2005 08 27 00  276.750   24.750   987.14
0000006 2005082706 2005 08 27 06  276.000   24.500   984.45
0000006 2005082712 2005 08 27 12  275.250   24.500   977.97
0000007 2005090206 2005 09 02 06  311.250   20.500  1005.00
0000007 2005090212 2005 09 02 12  310.250   21.000  1005.89
0000007 2005090218 2005 09 02 18  309.500   21.000  1004.39
0000007 2005090300 2005 09 03 00  309.000   22.250  1007.03
0000007 2005090306 2005 09 03 06  308.000   23.500  1006.22
0000007 2005090312 2005 09 03 12  306.750   24.500  1008.06
0000007 2005090318 2005 09 03 18  306.000   25.250  1007.38
0000007 2005090400 2005 09 04 00  305.750   26.500  1008.98
0000008 2005091718 2005 09 17 18  287.500    9.750  1006.11
0000008 2005091800 2005 09 18 00  288.500   10.000  1005.89
0000008 2005091806 2005 09 18 06  289.500   11.500  1007.39
0000008 2005091812 2005 09 18 12  288.750   11.250  1006.81
0000008 2005091818 2005 09 18 18  290.000   11.250  1004.24
0000009 2005091718 2005 09 17 18  291.250   22.000  1011.58
0000009 2005091800 2005 09 18 00  290.000   21.750  1010.53
0000009 2005091806 2005 09 18 06  289.000   22.000  1009.63
0000009 2005091812 2005 09 18 12  288.250   22.250  1008.77
0000009 2005091818 2005 09 18 18  287.500   22.000  1007.92
0000009 2005091900 2005 09 19 00  287.250   22.500  1006.41
0000009 2005091906 2005 09 19 06  286.250   22.750  1004.17
0000009 2005091912 2005 09 19 12  285.500   23.000  1002.07
0000009 2005091918 2005 09 19 18  284.250   23.250  1001.23
0000009 2005092000 2005 09 20 00  283.000   23.250   995.40
0000009 2005092006 2005 09 20 06  281.500   23.500   995.14
0000009 2005092012 2005 09 20 12  279.750   23.750   990.04
0000009 2005092018 2005 09 20 18  278.250   24.000   986.93
0000009 2005092100 2005 09 21 00  277.500   24.000   983.45
0000009 2005092106 2005 09 21 06  276.000   24.000   984.48
0000010 2005091612 2005 09 16 12  308.250   12.250  1013.86
0000010 2005091618 2005 09 16 18  308.000   12.250  1011.36
0000010 2005091700 2005 09 17 00  307.250   13.250  1012.22
0000010 2005091706 2005 09 17 06  306.000   13.750  1010.33
0000010 2005091712 2005 09 17 12  306.000   14.000  1010.50
0000010 2005091718 2005 09 17 18  305.250   14.500  1008.85
0000010 2005091800 2005 09 18 00  304.750   14.500  1009.44
0000010 2005091806 2005 09 18 06  304.750   14.750  1007.27
0000010 2005091812 2005 09 18 12  304.500   15.250  1008.78
0000010 2005091818 2005 09 18 18  304.000   15.750  1006.11
0000010 2005091900 2005 09 19 00  303.750   16.250  1007.73
0000010 2005091906 2005 09 19 06  303.750   16.500  1006.33
0000010 2005091912 2005 09 19 12  303.750   17.000  1003.69
0000010 2005091918 2005 09 19 18  303.250   17.500  1001.86
0000010 2005092000 2005 09 20 00  303.000   18.000  1004.52
0000010 2005092006 2005 09 20 06  302.750   18.250  1002.08
0000010 2005092012 2005 09 20 12  302.000   18.500  1004.63
0000010 2005092018 2005 09 20 18  301.750   18.500  1004.35
0000010 2005092100 2005 09 21 00  302.000   18.750  1006.20
0000010 2005092106 2005 09 21 06  302.000   19.750  1005.42
0000010 2005092112 2005 09 21 12  302.000   20.250  1006.53
0000010 2005092118 2005 09 21 18  302.250   21.250  1005.52
0000010 2005092200 2005 09 22 00  302.500   22.250  1005.60
0000010 2005092206 2005 09 22 06  302.250   23.500  1004.91
0000010 2005092212 2005 09 22 12  302.000   24.500  1006.14
0000011 2005101400 2005 10 14 00  285.250   17.750  1005.95
0000011 2005101406 2005 10 14 06  285.250   17.750  1006.21
0000011 2005101412 2005 10 14 12  283.750   18.500  1006.79
0000011 2005101418 2005 10 14 18  284.750   18.750  1006.11
0000011 2005101500 2005 10 15 00  284.500   19.000  1005.18
0000011 2005101506 2005 10 15 06  283.750   19.000  1004.76
0000011 2005101512 2005 10 15 12  282.500   19.000  1004.78
0000011 2005101518 2005 10 15 18  281.750   19.250  1004.54
0000011 2005101600 2005 10 16 00  281.000   18.500  1004.41
0000011 2005101606 2005 10 16 06  280.750   18.500  1004.09
0000011 2005101612 2005 10 16 12  280.250   18.250  1003.96
0000011 2005101618 2005 10 16 18  280.000   17.750  1003.59
0000011 2005101700 2005 10 17 00  280.250   17.500  1002.59
0000011 2005101706 2005 10 17 06  280.250   17.000  1002.29
0000011 2005101712 2005 10 17 12  280.000   16.500  1002.02
0000011 2005101718 2005 10 17 18  279.750   16.250  1001.21
0000011 2005101800 2005 10 18 00  280.000   15.750   998.38
0000011 2005101806 2005 10 18 06  279.750   16.000   998.48
0000011 2005101812 2005 10 18 12  279.500   16.500   995.32
0000011 2005101818 2005 10 18 18  278.750   16.750   993.66
0000011 2005101900 2005 10 19 00  278.250   16.750   990.31
0000011 2005101906 2005 10 19 06  277.750   17.000   988.77
0000011 2005101912 2005 10 19 12  277.250   17.250   983.26
0000011 2005101918 2005 10 19 18  276.500   17.750   980.29
0000011 2005102000 2005 10 20 00  276.000   17.750   973.35
0000011 2005102006 2005 10 20 06  275.250   18.000   965.56
0000012 2005102518 2005 10 25 18  282.250   10.750  1010.37
0000012 2005102600 2005 10 26 00  282.250   10.750  1009.61
0000012 2005102606 2005 10 26 06  282.000   10.750  1009.57
0000012 2005102612 2005 10 26 12  280.500    9.750  1009.91
0000012 2005102618 2005 10 26 18  280.500   10.000  1009.14
0000012 2005102700 2005 10 27 00  280.250   10.000  1008.54
0000012 2005102706 2005 10 27 06  279.750   10.250  1009.07
0000012 2005102712 2005 10 27 12  279.750   11.250  1008.18
0000012 2005102718 2005 10 27 18  278.500   11.750  1008.00
0000012 2005102800 2005 10 28 00  279.000   11.250  1006.64
0000012 2005102806 2005 10 28 06  279.500   11.750  1006.67
0000012 2005102812 2005 10 28 12  279.250   12.750  1007.09
0000012 2005102818 2005 10 28 18  279.000   13.250  1006.42
0000012 2005102900 2005 10 29 00  279.000   13.250  1005.73
0000012 2005102906 2005 10 29 06  278.750   13.500  1006.07
0000012 2005102912 2005 10 29 12  278.750   13.750  1005.35
0000012 2005102918 2005 10 29 18  278.000   13.250  1003.77
0000012 2005103000 2005 10 30 00  277.500   13.500  1003.82
0000012 2005103006 2005 10 30 06  277.000   13.750  1004.87
0000012 2005103012 2005 10 30 12  276.000   12.750  1006.42
0000012 2005103018 2005 10 30 18  276.250   12.500  1007.23
0000012 2005103100 2005 10 31 00  275.750   12.250  1008.12
