0000001 1998060106 1998 06 01 06  288.250    9.750  1010.63
0000001 1998060112 1998 06 01 12  288.250    9.500  1011.75
0000001 1998060118 1998 06 01 18  288.000    8.750  1009.05
0000001 1998060200 1998 06 02 00  288.500    9.500  1008.77
0000001 1998060206 1998 06 02 06  288.250   10.500  1010.35
0000001 1998060212 1998 06 02 12  288.250   10.000  1011.73
0000001 1998060218 1998 06 02 18  288.000    8.750  1009.64
0000001 1998060300 1998 06 03 00  288.500    9.500  1009.84
0000001 1998060306 1998 06 03 06  288.500   10.250  1011.01
0000001 1998060312 1998 06 03 12  288.250   10.250  1011.94
0000001 1998060318 1998 06 03 18  289.250   11.250  1009.16
0000002 1998060400 1998 06 04 00  287.750    9.500  1009.18
0000002 1998060406 1998 06 04 06  288.750   11.000  1010.06
0000002 1998060412 1998 06 04 12  288.250   10.250  1010.31
0000002 1998060418 1998 06 04 18  288.000    8.750  1008.00
0000002 1998060500 1998 06 05 00  288.250    9.250  1008.65
0000002 1998060506 1998 06 05 06  288.750    9.750  1009.35
0000002 1998060512 1998 06 05 12  288.500   10.000  1009.88
0000002 1998060518 1998 06 05 18  289.000   11.000  1007.64
0000002 1998060600 1998 06 06 00  288.500   10.750  1007.83
0000002 1998060606 1998 06 06 06  288.250   10.250  1009.61
0000002 1998060612 1998 06 06 12  288.500    9.750  1010.31
0000002 1998060618 1998 06 06 18  288.750   10.750  1007.65
0000002 1998060700 1998 06 07 00  288.500   10.750  1007.68
0000002 1998060706 1998 06 07 06  288.250   10.000  1009.87
0000002 1998060712 1998 06 07 12  288.250   10.000  1010.43
0000003 1998060800 1998 06 08 00  288.250    9.750  1008.03
0000003 1998060806 1998 06 08 06  288.000   10.000  1009.82
0000003 1998060812 1998 06 08 12  288.250   10.000  1010.31
0000003 1998060818 1998 06 08 18  288.750   10.750  1008.65
0000003 1998060900 1998 06 09 00  288.500   10.000  1009.04
0000003 1998060906 1998 06 09 06  288.000   10.000  1011.27
0000004 1998061400 1998 06 14 00  288.750    9.750  1006.21
0000004 1998061406 1998 06 14 06  288.500   10.000  1007.35
0000004 1998061412 1998 06 14 12  288.250   10.250  1007.71
0000004 1998061418 1998 06 14 18  288.000    8.750  1004.92
0000004 1998061500 1998 06 15 00  288.250    9.250  1005.76
0000004 1998061506 1998 06 15 06  288.500   10.000  1007.94
0000004 1998061512 1998 06 15 12  288.500   11.000  1008.69
0000004 1998061518 1998 06 15 18  289.000   11.250  1002.23
0000005 1998062100 1998 06 21 00  288.500   11.000  1005.75
0000005 1998062106 1998 06 21 06  288.750    9.750  1007.64
0000005 1998062112 1998 06 21 12  288.250   10.250  1008.59
0000005 1998062118 1998 06 21 18  289.000   11.000  1006.74
0000005 1998062200 1998 06 22 00  288.500   10.000  1007.37
0000005 1998062206 1998 06 22 06  288.250   10.250  1009.44
0000005 1998062212 1998 06 22 12  288.250   11.000  1010.32
0000005 1998062218 1998 06 22 18  287.750   12.000  1008.62
0000006 1998062918 1998 06 29 18  288.000    8.750  1009.27
0000006 1998063000 1998 06 30 00  288.250    9.250  1009.80
0000006 1998063006 1998 06 30 06  288.250   10.750  1011.25
0000006 1998063012 1998 06 30 12  288.500    9.750  1012.23
0000006 1998063018 1998 06 30 18  289.000   11.000  1009.88
0000007 1998070400 1998 07 04 00  288.500   10.250  1006.66
0000007 1998070406 1998 07 04 06  288.250    9.750  1008.31
0000007 1998070412 1998 07 04 12  288.250    9.750  1008.66
0000007 1998070418 1998 07 04 18  288.000    8.750  1007.37
0000007 1998070500 1998 07 05 00  288.250    9.250  1008.20
0000007 1998070506 1998 07 05 06  288.250   10.000  1009.99
0000008 1998070518 1998 07 05 18  288.000    8.750  1008.83
0000008 1998070600 1998 07 06 00  288.500    9.500  1008.78
0000008 1998070606 1998 07 06 06  288.250   10.250  1010.85
0000008 1998070612 1998 07 06 12  288.500   10.000  1011.90
0000008 1998070618 1998 07 06 18  288.000    8.750  1009.90
0000008 1998070700 1998 07 07 00  288.750    9.750  1010.26
0000008 1998070706 1998 07 07 06  288.250   10.000  1012.26
0000008 1998070712 1998 07 07 12  288.250   10.000  1012.15
0000008 1998070718 1998 07 07 18  288.000    8.750  1009.34
0000008 1998070800 1998 07 08 00  288.500   10.000  1009.16
0000008 1998070806 1998 07 08 06  288.250   10.000  1010.56
0000008 1998070812 1998 07 08 12  288.000    9.750  1011.55
0000008 1998070818 1998 07 08 18  288.000    8.750  1009.95
0000008 1998070900 1998 07 09 00  288.500   10.250  1008.90
0000008 1998070906 1998 07 09 06  288.000    9.750  1011.02
0000008 1998070912 1998 07 09 12  288.750    9.750  1011.70
0000008 1998070918 1998 07 09 18  288.750   10.500  1009.54
0000008 1998071000 1998 07 10 00  288.500   10.000  1008.18
0000008 1998071006 1998 07 10 06  288.250    9.750  1010.26
0000008 1998071012 1998 07 10 12  288.000    9.750  1011.48
0000008 1998071018 1998 07 10 18  286.250    9.750  1010.26
0000008 1998071100 1998 07 11 00  285.500    9.000  1010.52
0000008 1998071106 1998 07 11 06  285.500   10.750  1011.98
0000008 1998071112 1998 07 11 12  285.500   11.000  1012.31
0000008 1998071118 1998 07 11 18  286.250    9.750  1009.84
0000008 1998071200 1998 07 12 00  285.500    9.000  1010.31
0000009 1998071200 1998 07 12 00  288.000    9.250  1010.31
0000009 1998071206 1998 07 12 06  288.500   10.750  1011.31
0000009 1998071212 1998 07 12 12  288.250   10.250  1011.71
0000009 1998071218 1998 07 12 18  288.000    8.750  1008.62
0000009 1998071300 1998 07 13 00  287.750    9.000  1009.14
0000010 1998071318 1998 07 13 18  288.000    8.750  1008.30
0000010 1998071400 1998 07 14 00  288.250    9.500  1008.17
0000010 1998071406 1998 07 14 06  288.250   10.750  1009.60
0000010 1998071412 1998 07 14 12  288.500   10.000  1010.66
0000010 1998071418 1998 07 14 18  287.500    9.250  1008.02
0000010 1998071500 1998 07 15 00  288.500    9.500  1007.61
0000010 1998071506 1998 07 15 06  288.250   10.250  1008.88
0000010 1998071512 1998 07 15 12  288.250   10.250  1010.24
0000010 1998071518 1998 07 15 18  287.750    9.000  1007.72
0000010 1998071600 1998 07 16 00  288.500   10.250  1007.32
0000010 1998071606 1998 07 16 06  288.250   10.250  1005.49
0000010 1998071612 1998 07 16 12  288.000   10.750  1008.94
0000010 1998071618 1998 07 16 18  287.750    9.500  1006.64
0000010 1998071700 1998 07 17 00  288.500    9.250  1007.67
0000010 1998071706 1998 07 17 06  288.500   11.000  1009.92
0000010 1998071712 1998 07 17 12  288.250   10.250  1010.58
0000010 1998071718 1998 07 17 18  288.000    8.750  1007.65
0000010 1998071800 1998 07 18 00  288.500   10.000  1007.36
0000010 1998071806 1998 07 18 06  288.250   10.250  1008.56
0000010 1998071812 1998 07 18 12  288.000   10.250  1009.63
0000010 1998071818 1998 07 18 18  287.750    9.000  1007.44
0000010 1998071900 1998 07 19 00  288.750   10.000  1007.04
0000010 1998071906 1998 07 19 06  288.250   10.250  1008.76
0000010 1998071912 1998 07 19 12  288.000   10.000  1010.42
0000010 1998071918 1998 07 19 18  288.000    9.000  1007.97
0000010 1998072000 1998 07 20 00  288.500   10.000  1007.67
0000010 1998072006 1998 07 20 06  288.250   10.000  1009.39
0000010 1998072012 1998 07 20 12  288.000    9.750  1010.13
0000010 1998072018 1998 07 20 18  287.750    9.000  1007.14
0000010 1998072100 1998 07 21 00  288.750    9.750  1006.85
0000010 1998072106 1998 07 21 06  288.250   10.000  1007.95
0000010 1998072112 1998 07 21 12  288.000   10.250  1009.23
0000010 1998072118 1998 07 21 18  287.750    9.000  1006.38
0000010 1998072200 1998 07 22 00  288.500   10.000  1006.31
0000010 1998072206 1998 07 22 06  288.500   10.000  1007.75
0000010 1998072212 1998 07 22 12  288.250   10.250  1008.83
0000010 1998072218 1998 07 22 18  287.750    9.000  1006.33
0000010 1998072300 1998 07 23 00  288.750    9.750  1006.97
0000010 1998072306 1998 07 23 06  288.500   10.000  1008.47
0000010 1998072312 1998 07 23 12  288.250   10.250  1008.82
0000010 1998072318 1998 07 23 18  288.000    8.750  1006.07
0000010 1998072400 1998 07 24 00  288.500   10.250  1007.04
0000010 1998072406 1998 07 24 06  288.250   10.250  1008.49
0000011 1998072418 1998 07 24 18  288.000    8.750  1007.35
0000011 1998072500 1998 07 25 00  288.500   10.250  1006.99
0000011 1998072506 1998 07 25 06  288.250   10.250  1009.20
0000011 1998072512 1998 07 25 12  288.000   10.000  1010.69
0000011 1998072518 1998 07 25 18  287.750    9.250  1008.55
0000011 1998072600 1998 07 26 00  288.500    9.500  1008.86
0000011 1998072606 1998 07 26 06  288.250   10.000  1010.07
0000011 1998072612 1998 07 26 12  288.000    9.750  1010.60
0000011 1998072618 1998 07 26 18  287.750    9.000  1007.93
0000011 1998072700 1998 07 27 00  288.250    9.250  1008.17
0000011 1998072706 1998 07 27 06  288.250    9.750  1010.02
0000012 1998073100 1998 07 31 00  288.750   10.750  1007.03
0000012 1998073106 1998 07 31 06  288.000   10.250  1009.04
0000012 1998073112 1998 07 31 12  288.000   10.000  1010.53
0000012 1998073118 1998 07 31 18  287.500    9.500  1007.78
0000012 1998080100 1998 08 01 00  288.500   10.000  1011.86
0000012 1998080106 1998 08 01 06  288.250    9.750  1011.64
0000013 1998073118 1998 07 31 18  308.000   15.500  1009.02
0000013 1998080100 1998 08 01 00  306.750   15.000  1013.48
0000013 1998080106 1998 08 01 06  305.500   15.250  1011.74
0000013 1998080112 1998 08 01 12  304.000   15.500  1013.30
0000013 1998080118 1998 08 01 18  302.250   16.000  1012.41
0000013 1998080200 1998 08 02 00  301.250   16.500  1013.62
0000013 1998080206 1998 08 02 06  300.000   16.750  1013.35
0000013 1998080212 1998 08 02 12  298.750   17.500  1014.28
0000013 1998080218 1998 08 02 18  297.750   18.000  1013.99
0000013 1998080300 1998 08 03 00  297.000   19.250  1014.35
0000013 1998080306 1998 08 03 06  295.500   20.000  1014.47
0000013 1998080312 1998 08 03 12  294.250   20.750  1015.39
0000013 1998080318 1998 08 03 18  293.250   21.750  1015.83
0000013 1998080400 1998 08 04 00  292.500   22.500  1016.66
0000013 1998080406 1998 08 04 06  291.500   22.750  1016.88
0000014 1998080400 1998 08 04 00  288.500    9.750  1006.13
0000014 1998080406 1998 08 04 06  288.250   10.000  1008.80
0000014 1998080412 1998 08 04 12  288.000    9.750  1010.01
0000014 1998080418 1998 08 04 18  286.250    9.750  1007.47
0000014 1998080500 1998 08 05 00  285.500   10.750  1007.35
0000014 1998080506 1998 08 05 06  284.250   10.250  1009.21
0000014 1998080512 1998 08 05 12  282.500    9.750  1009.43
0000015 1998080600 1998 08 06 00  288.750   10.000  1008.43
0000015 1998080606 1998 08 06 06  288.500   10.000  1009.62
0000015 1998080612 1998 08 06 12  288.000    9.750  1010.43
0000015 1998080618 1998 08 06 18  288.000    9.000  1008.28
0000015 1998080700 1998 08 07 00  288.250    9.750  1008.75
0000015 1998080706 1998 08 07 06  288.250   10.000  1010.50
0000015 1998080712 1998 08 07 12  288.250   10.000  1010.55
0000015 1998080718 1998 08 07 18  288.000    8.750  1008.95
0000015 1998080800 1998 08 08 00  288.500    9.750  1008.84
0000015 1998080806 1998 08 08 06  288.250   10.000  1010.52
0000015 1998080812 1998 08 08 12  288.250   10.000  1012.13
0000015 1998080818 1998 08 08 18  288.000    8.750  1009.76
0000015 1998080900 1998 08 09 00  288.750    9.750  1009.80
0000015 1998080906 1998 08 09 06  288.500   10.000  1011.31
0000015 1998080912 1998 08 09 12  288.250   10.000  1011.97
0000015 1998080918 1998 08 09 18  287.750    8.750  1009.12
0000015 1998081000 1998 08 10 00  288.000    9.000  1009.57
0000015 1998081006 1998 08 10 06  288.500   10.000  1010.99
0000015 1998081012 1998 08 10 12  288.500   10.000  1011.05
0000015 1998081018 1998 08 10 18  287.750    8.750  1007.50
0000015 1998081100 1998 08 11 00  287.750    9.250  1007.25
0000015 1998081106 1998 08 11 06  288.500   10.250  1009.14
0000015 1998081112 1998 08 11 12  288.250   10.000  1010.00
0000015 1998081118 1998 08 11 18  288.000    8.750  1007.29
0000015 1998081200 1998 08 12 00  288.750    9.750  1007.32
0000015 1998081206 1998 08 12 06  288.250   10.250  1009.37
0000015 1998081212 1998 08 12 12  288.250   10.250  1010.88
0000016 1998081300 1998 08 13 00  288.500    9.500  1008.16
0000016 1998081306 1998 08 13 06  288.250    9.750  1010.15
0000016 1998081312 1998 08 13 12  287.750    9.500  1010.96
0000016 1998081318 1998 08 13 18  286.250    9.750  1007.88
0000016 1998081400 1998 08 14 00  286.000    9.000  1008.26
0000017 1998081500 1998 08 15 00  288.750    9.750  1007.17
0000017 1998081506 1998 08 15 06  288.500    9.750  1008.44
0000017 1998081512 1998 08 15 12  288.250    9.750  1009.32
0000017 1998081518 1998 08 15 18  288.000    9.000  1007.67
0000017 1998081600 1998 08 16 00  288.500    9.750  1008.95
0000017 1998081606 1998 08 16 06  288.500   10.000  1006.73
0000017 1998081612 1998 08 16 12  289.250   11.250  1009.83
0000017 1998081618 1998 08 16 18  287.750   11.500  1008.35
0000018 1998082400 1998 08 24 00  298.750   14.250  1009.08
0000018 1998082406 1998 08 24 06  298.000   15.250  1008.50
0000018 1998082412 1998 08 24 12  297.000   16.250  1008.27
0000018 1998082418 1998 08 24 18  295.750   17.250  1007.42
0000018 1998082500 1998 08 25 00  295.250   18.000  1007.14
0000019 1998082118 1998 08 21 18  294.500   21.000  1000.57
0000019 1998082200 1998 08 22 00  293.500   21.500   995.68
0000019 1998082206 1998 08 22 06  291.750   22.000   992.06
0000019 1998082212 1998 08 22 12  290.500   22.500   987.90
0000019 1998082218 1998 08 22 18  289.750   23.000   983.65
0000019 1998082300 1998 08 23 00  289.000   23.500   979.12
0000019 1998082306 1998 08 23 06  288.500   24.000   974.69
0000019 1998082312 1998 08 23 12  288.250   24.250   970.18
0000019 1998082318 1998 08 23 18  288.000   24.250   966.50
0000019 1998082400 1998 08 24 00  288.000   24.500   963.72
0000019 1998082406 1998 08 24 06  288.000   24.750   958.60
0000019 1998082412 1998 08 24 12  287.750   25.250   954.86
0000019 1998082418 1998 08 24 18  287.500   25.750   952.98
0000019 1998082500 1998 08 25 00  287.000   26.750   966.91
0000020 1998082506 1998 08 25 06  293.500   18.750  1005.10
0000020 1998082512 1998 08 25 12  292.500   19.500  1002.02
0000020 1998082518 1998 08 25 18  291.250   20.500  1001.14
0000020 1998082600 1998 08 26 00  290.500   21.500  1001.27
0000020 1998082606 1998 08 26 06  289.500   22.500  1000.83
0000021 1998082712 1998 08 27 12  300.750   19.000  1011.18
0000021 1998082718 1998 08 27 18  299.250   19.500  1010.80
0000021 1998082800 1998 08 28 00  297.750   19.750  1010.23
0000021 1998082806 1998 08 28 06  296.250   20.000  1010.30
0000021 1998082812 1998 08 28 12  295.000   20.500  1010.40
0000021 1998082818 1998 08 28 18  293.500   20.500  1009.42
0000021 1998082900 1998 08 29 00  292.250   20.750  1009.94
0000021 1998082906 1998 08 29 06  291.250   21.000  1009.63
0000021 1998082912 1998 08 29 12  290.250   21.750  1009.25
0000021 1998082918 1998 08 29 18  289.250   22.750  1009.81
0000021 1998083000 1998 08 30 00  289.000   24.000  1009.95
0000021 1998083006 1998 08 30 06  288.000   24.750  1008.97
0000022 1998082918 1998 08 29 18  288.000    8.750  1006.58
0000022 1998083000 1998 08 30 00  288.500    9.500  1006.56
0000022 1998083006 1998 08 30 06  288.500   10.250  1008.51
0000022 1998083012 1998 08 30 12  288.250   10.250  1010.12
0000022 1998083018 1998 08 30 18  288.000    8.750  1007.05
0000022 1998083100 1998 08 31 00  288.000    9.000  1008.14
0000022 1998083106 1998 08 31 06  288.500   10.000  1010.40
0000022 1998083112 1998 08 31 12  288.500   10.250  1011.23
0000022 1998083118 1998 08 31 18  288.000    8.750  1007.80
0000022 1998090100 1998 09 01 00  287.750    8.750  1011.60
0000022 1998090106 1998 09 01 06  288.500    9.750  1011.79
0000022 1998090112 1998 09 01 12  288.500    9.750  1011.73
0000022 1998090118 1998 09 01 18  288.000    8.750  1008.17
0000022 1998090200 1998 09 02 00  288.000    9.000  1008.65
0000022 1998090206 1998 09 02 06  288.500   10.000  1010.53
0000022 1998090212 1998 09 02 12  288.250   10.000  1010.22
0000022 1998090218 1998 09 02 18  287.750    8.750  1006.17
0000022 1998090300 1998 09 03 00  288.750    9.500  1006.53
0000022 1998090306 1998 09 03 06  288.500   11.000  1008.36
0000022 1998090312 1998 09 03 12  288.250   11.000  1009.30
0000023 1998090318 1998 09 03 18  288.000    8.750  1006.98
0000023 1998090400 1998 09 04 00  288.750    9.500  1006.90
0000023 1998090406 1998 09 04 06  288.500   10.000  1009.35
0000023 1998090412 1998 09 04 12  288.250   10.250  1010.46
0000023 1998090418 1998 09 04 18  287.750    8.750  1007.59
0000023 1998090500 1998 09 05 00  288.500   10.000  1006.75
0000023 1998090506 1998 09 05 06  288.000    9.750  1009.40
0000023 1998090512 1998 09 05 12  288.000   10.000  1010.40
0000023 1998090518 1998 09 05 18  287.750    8.750  1007.76
0000023 1998090600 1998 09 06 00  288.250    9.500  1007.37
0000023 1998090606 1998 09 06 06  288.500    9.750  1009.36
0000023 1998090612 1998 09 06 12  288.250    9.750  1010.25
0000023 1998090618 1998 09 06 18  288.000    9.000  1006.92
0000023 1998090700 1998 09 07 00  288.250    9.500  1005.97
0000023 1998090706 1998 09 07 06  288.500   10.000  1007.61
0000023 1998090712 1998 09 07 12  288.250   10.000  1008.07
0000023 1998090718 1998 09 07 18  287.750    9.000  1005.62
0000023 1998090800 1998 09 08 00  288.500   10.000  1005.17
0000023 1998090806 1998 09 08 06  288.500   10.000  1006.75
0000023 1998090812 1998 09 08 12  288.250   10.000  1008.27
0000023 1998090818 1998 09 08 18  288.000    9.000  1005.59
0000023 1998090900 1998 09 09 00  288.750    9.750  1005.85
0000023 1998090906 1998 09 09 06  288.500   10.250  1007.97
0000023 1998090912 1998 09 09 12  288.250   10.250  1008.80
0000023 1998090918 1998 09 09 18  287.750    9.000  1006.50
0000023 1998091000 1998 09 10 00  288.250    9.500  1006.86
0000023 1998091006 1998 09 10 06  288.500   10.250  1009.40
0000023 1998091012 1998 09 10 12  288.250   10.250  1010.03
0000023 1998091018 1998 09 10 18  287.750    9.000  1007.11
0000023 1998091100 1998 09 11 00  288.500    9.750  1007.43
0000023 1998091106 1998 09 11 06  288.500   10.000  1009.48
0000023 1998091112 1998 09 11 12  288.250   10.000  1010.07
0000023 1998091118 1998 09 11 18  287.750    9.000  1006.89
0000023 1998091200 1998 09 12 00  288.500    9.750  1007.65
0000023 1998091206 1998 09 12 06  288.750    9.750  1009.57
0000024 1998091218 1998 09 12 18  287.750    8.750  1006.79
0000024 1998091300 1998 09 13 00  288.250    9.250  1007.50
0000024 1998091306 1998 09 13 06  288.750   10.000  1010.11
0000024 1998091312 1998 09 13 12  288.250   11.250  1009.95
0000024 1998091318 1998 09 13 18  287.750    9.500  1006.76
0000024 1998091400 1998 09 14 00  288.500    9.250  1008.91
0000025 1998091818 1998 09 18 18  312.500   13.250  1003.49
0000025 1998091900 1998 09 19 00  310.750   13.750  1003.09
0000025 1998091906 1998 09 19 06  309.250   14.000   999.08
0000025 1998091912 1998 09 19 12  307.750   14.250   995.60
0000025 1998091918 1998 09 19 18  306.500   15.000   987.83
0000025 1998092000 1998 09 20 00  305.250   15.500   984.99
0000025 1998092006 1998 09 20 06  303.500   15.750   981.85
0000025 1998092012 1998 09 20 12  302.000   16.250   981.87
0000025 1998092018 1998 09 20 18  300.500   16.500   980.90
0000025 1998092100 1998 09 21 00  299.000   16.750   983.90
0000025 1998092106 1998 09 21 06  297.250   17.250   985.42
0000025 1998092112 1998 09 21 12  295.750   17.500   987.33
0000025 1998092118 1998 09 21 18  294.750   18.000   983.73
0000025 1998092200 1998 09 22 00  293.750   18.000   985.26
0000025 1998092206 1998 09 22 06  292.500   18.000   984.10
0000025 1998092212 1998 09 22 12  291.500   18.250   981.81
0000025 1998092218 1998 09 22 18  290.000   18.750   983.64
0000025 1998092300 1998 09 23 00  288.750   18.500   986.93
0000025 1998092306 1998 09 23 06  288.000   19.000   989.55
0000025 1998092312 1998 09 23 12  286.500   19.500   988.59
0000025 1998092318 1998 09 23 18  285.500   19.750   985.52
0000025 1998092400 1998 09 24 00  284.250   20.000   983.76
0000025 1998092406 1998 09 24 06  283.250   20.750   984.49
0000025 1998092412 1998 09 24 12  282.250   21.000   985.71
0000025 1998092418 1998 09 24 18  281.250   21.500   984.76
0000025 1998092500 1998 09 25 00  280.000   22.500   983.69
0000025 1998092506 1998 09 25 06  279.000   22.500   984.09
0000025 1998092512 1998 09 25 12  278.250   23.250   983.76
0000025 1998092518 1998 09 25 18  277.500   23.500   980.10
0000025 1998092600 1998 09 26 00  277.250   24.000   977.14
0000025 1998092606 1998 09 26 06  276.500   25.000   977.34
0000025 1998092612 1998 09 26 12  275.500   25.750   981.80
0000026 1998092418 1998 09 24 18  287.750    8.750  1007.78
0000026 1998092500 1998 09 25 00  287.750    9.250  1008.11
0000026 1998092506 1998 09 25 06  288.750    9.750  1010.02
0000026 1998092512 1998 09 25 12  288.500   10.250  1010.59
0000026 1998092518 1998 09 25 18  287.750    8.750  1007.68
0000026 1998092600 1998 09 26 00  287.750    9.000  1007.64
0000026 1998092606 1998 09 26 06  288.750    9.750  1009.67
0000026 1998092612 1998 09 26 12  288.250    9.750  1010.55
0000026 1998092618 1998 09 26 18  287.750    8.750  1007.66
0000026 1998092700 1998 09 27 00  287.500    9.250  1007.38
0000026 1998092706 1998 09 27 06  288.750    9.750  1009.37
0000026 1998092712 1998 09 27 12  288.500   10.250  1010.22
0000026 1998092718 1998 09 27 18  287.750    8.750  1007.59
0000026 1998092800 1998 09 28 00  288.500    9.500  1008.20
0000026 1998092806 1998 09 28 06  288.500   10.000  1009.55
0000026 1998092812 1998 09 28 12  288.500   10.000  1010.68
0000026 1998092818 1998 09 28 18  287.750    8.750  1007.43
0000026 1998092900 1998 09 29 00  287.750    9.000  1008.22
0000026 1998092906 1998 09 29 06  288.750    9.750  1009.59
0000026 1998092912 1998 09 29 12  288.500    9.750  1010.28
0000026 1998092918 1998 09 29 18  288.000    8.750  1007.17
0000026 1998093000 1998 09 30 00  288.250    9.500  1007.41
0000026 1998093006 1998 09 30 06  288.500   10.000  1008.45
0000026 1998093012 1998 09 30 12  288.250   10.000  1010.30
0000026 1998093018 1998 09 30 18  288.000    8.750  1006.58
0000026 1998100100 1998 10 01 00  288.000    9.250  1009.96
0000026 1998100106 1998 10 01 06  288.750    9.750  1009.56
0000027 1998100512 1998 10 05 12  310.250   15.000  1010.70
0000027 1998100518 1998 10 05 18  310.250   16.750  1008.83
0000027 1998100600 1998 10 06 00  310.500   17.000  1010.22
0000027 1998100606 1998 10 06 06  310.250   17.500  1007.55
0000027 1998100612 1998 10 06 12  310.000   18.000  1008.56
0000027 1998100618 1998 10 06 18  310.000   18.250  1005.87
0000027 1998100700 1998 10 07 00  310.750   18.750  1007.27
0000027 1998100706 1998 10 07 06  311.250   19.000  1004.79
0000027 1998100712 1998 10 07 12  312.500   19.750  1005.83
0000028 1998100918 1998 10 09 18  288.000    8.750  1006.25
0000028 1998101000 1998 10 10 00  288.750    9.750  1006.57
0000028 1998101006 1998 10 10 06  288.250   10.000  1009.47
0000028 1998101012 1998 10 10 12  288.250   11.250  1010.02
0000028 1998101018 1998 10 10 18  289.000   11.000  1007.19
0000028 1998101100 1998 10 11 00  288.750   11.000  1005.94
0000028 1998101106 1998 10 11 06  288.500   10.000  1007.78
0000028 1998101112 1998 10 11 12  288.250   11.000  1008.61
0000029 1998101200 1998 10 12 00  288.750   10.750  1006.53
0000029 1998101206 1998 10 12 06  288.250   10.000  1007.85
0000029 1998101212 1998 10 12 12  288.250   10.000  1008.89
0000029 1998101218 1998 10 12 18  287.750    8.750  1006.00
0000029 1998101300 1998 10 13 00  288.250    9.250  1006.41
0000029 1998101306 1998 10 13 06  288.500   10.000  1007.91
0000029 1998101312 1998 10 13 12  288.250   10.000  1008.56
0000029 1998101318 1998 10 13 18  288.000    8.750  1006.46
0000029 1998101400 1998 10 14 00  288.500    9.750  1006.99
0000029 1998101406 1998 10 14 06  288.500   10.000  1009.21
0000029 1998101412 1998 10 14 12  288.500   10.250  1010.09
0000029 1998101418 1998 10 14 18  288.000    8.750  1006.93
0000029 1998101500 1998 10 15 00  288.750    9.750  1008.56
0000029 1998101506 1998 10 15 06  288.500   10.000  1009.75
0000029 1998101512 1998 10 15 12  288.250   10.000  1010.91
0000029 1998101518 1998 10 15 18  288.000    8.750  1007.39
0000029 1998101600 1998 10 16 00  288.500   10.250  1007.03
0000029 1998101606 1998 10 16 06  288.250   10.000  1004.57
0000029 1998101612 1998 10 16 12  288.000   10.250  1008.18
0000029 1998101618 1998 10 16 18  288.000    8.750  1004.38
0000029 1998101700 1998 10 17 00  288.000    9.500  1004.55
0000029 1998101706 1998 10 17 06  288.750   10.750  1006.99
0000029 1998101712 1998 10 17 12  288.500   10.750  1007.59
0000030 1998101700 1998 10 17 00  280.250   11.500  1006.16
0000030 1998101706 1998 10 17 06  280.750   12.250  1006.79
0000030 1998101712 1998 10 17 12  280.250   12.500  1005.72
0000030 1998101718 1998 10 17 18  280.000   12.250  1004.10
0000030 1998101800 1998 10 18 00  280.000   12.500  1002.17
0000030 1998101806 1998 10 18 06  279.750   13.250  1001.17
0000030 1998101812 1998 10 18 12  279.500   13.750   999.58
0000030 1998101818 1998 10 18 18  279.250   14.250   999.31
0000030 1998101900 1998 10 19 00  279.000   15.250   996.58
0000030 1998101906 1998 10 19 06  278.000   16.250   997.97
0000030 1998101912 1998 10 19 12  277.000   17.000   997.36
0000030 1998101918 1998 10 19 18  276.250   17.750   999.41
0000030 1998102000 1998 10 20 00  275.750   18.750  1000.30
0000031 1998102000 1998 10 20 00  288.750   16.000  1010.59
0000031 1998102006 1998 10 20 06  288.000   16.500  1010.52
0000031 1998102012 1998 10 20 12  287.000   16.750  1010.12
0000031 1998102018 1998 10 20 18  286.500   16.750  1009.58
0000031 1998102100 1998 10 21 00  285.500   17.250  1009.10
0000031 1998102106 1998 10 21 06  284.500   17.250  1008.02
0000031 1998102112 1998 10 21 12  283.250   17.500  1008.46
0000031 1998102118 1998 10 21 18  282.250   17.750  1008.74
0000031 1998102200 1998 10 22 00  281.750   18.000  1008.09
0000031 1998102206 1998 10 22 06  281.000   17.750  1007.68
0000031 1998102212 1998 10 22 12  280.000   18.000  1007.70
0000031 1998102218 1998 10 22 18  279.750   17.500  1006.64
0000031 1998102300 1998 10 23 00  279.500   17.250  1004.89
0000031 1998102306 1998 10 23 06  279.000   16.750  1004.69
0000031 1998102312 1998 10 23 12  278.250   16.500  1003.96
0000031 1998102318 1998 10 23 18  277.750   15.500  1002.47
0000031 1998102400 1998 10 24 00  277.750   15.250  1001.94
0000031 1998102406 1998 10 24 06  277.750   14.750  1001.93
0000031 1998102412 1998 10 24 12  278.000   14.500  1001.07
0000031 1998102418 1998 10 24 18  278.500   14.500  1000.79
0000031 1998102500 1998 10 25 00  279.000   14.500   998.44
0000031 1998102506 1998 10 25 06  280.000   14.500   998.45
0000031 1998102512 1998 10 25 12  281.250   14.500  1000.77
0000031 1998102518 1998 10 25 18  280.500   16.000   997.16
0000031 1998102600 1998 10 26 00  279.500   16.250   995.50
0000031 1998102606 1998 10 26 06  278.750   16.000   993.10
0000031 1998102612 1998 10 26 12  278.250   16.500   989.72
0000031 1998102618 1998 10 26 18  277.750   16.750   986.07
0000031 1998102700 1998 10 27 00  277.000   17.250   978.25
0000031 1998102706 1998 10 27 06  276.500   17.500   974.66
0000031 1998102712 1998 10 27 12  275.500   17.500   971.02
