0000001 2017060300 2017 06 03 00  288.500   10.000  1007.25
0000001 2017060306 2017 06 03 06  288.250   10.250  1008.31
0000001 2017060312 2017 06 03 12  288.250   10.000  1009.55
0000001 2017060318 2017 06 03 18  288.750   10.750  1006.75
0000001 2017060400 2017 06 04 00  288.500    9.750  1005.88
0000001 2017060406 2017 06 04 06  288.250   10.000  1007.19
0000001 2017060412 2017 06 04 12  288.250   10.250  1008.90
0000001 2017060418 2017 06 04 18  288.000    8.750  1005.97
0000001 2017060500 2017 06 05 00  288.250    9.750  1006.67
0000001 2017060506 2017 06 05 06  288.500    9.750  1007.06
0000001 2017060512 2017 06 05 12  288.000   10.000  1008.86
0000001 2017060518 2017 06 05 18  288.000    8.750  1007.05
0000001 2017060600 2017 06 06 00  288.500   10.000  1006.29
0000001 2017060606 2017 06 06 06  288.000   10.000  1007.29
0000001 2017060612 2017 06 06 12  288.000   10.000  1009.62
0000001 2017060618 2017 06 06 18  288.000    8.750  1006.94
0000001 2017060700 2017 06 07 00  288.500   10.000  1006.70
0000001 2017060706 2017 06 07 06  288.250    9.750  1008.00
0000001 2017060712 2017 06 07 12  288.000    9.750  1009.60
0000001 2017060718 2017 06 07 18  287.750    8.750  1008.07
0000001 2017060800 2017 06 08 00  288.000    9.000  1008.44
0000001 2017060806 2017 06 08 06  288.500   10.000  1009.51
0000001 2017060812 2017 06 08 12  288.250   10.000  1010.97
0000001 2017060818 2017 06 08 18  288.000   10.250  1009.69
0000001 2017060900 2017 06 09 00  288.500   10.000  1009.97
0000001 2017060906 2017 06 09 06  288.500   10.000  1010.87
0000001 2017060912 2017 06 09 12  288.500   10.000  1011.84
0000001 2017060918 2017 06 09 18  288.000    8.750  1010.20
0000002 2017061000 2017 06 10 00  288.750   10.750  1009.10
0000002 2017061006 2017 06 10 06  288.250   10.000  1010.11
0000002 2017061012 2017 06 10 12  288.000    9.750  1011.29
0000002 2017061018 2017 06 10 18  288.000    8.750  1008.99
0000002 2017061100 2017 06 11 00  288.500   10.250  1008.35
0000002 2017061106 2017 06 11 06  288.250   10.000  1009.62
0000002 2017061112 2017 06 11 12  288.000    9.750  1010.88
0000002 2017061118 2017 06 11 18  286.500    9.750  1009.31
0000002 2017061200 2017 06 12 00  285.750    9.250  1008.62
0000002 2017061206 2017 06 12 06  285.250   10.750  1009.61
0000002 2017061212 2017 06 12 12  284.000   10.500  1010.43
0000003 2017061200 2017 06 12 00  288.500   10.250  1008.63
0000003 2017061206 2017 06 12 06  288.250    9.750  1009.58
0000003 2017061212 2017 06 12 12  288.500   10.000  1011.04
0000003 2017061218 2017 06 12 18  288.000    9.000  1009.08
0000003 2017061300 2017 06 13 00  288.500    9.500  1008.72
0000003 2017061306 2017 06 13 06  288.250   10.000  1009.17
0000003 2017061312 2017 06 13 12  288.000    9.750  1010.61
0000003 2017061318 2017 06 13 18  288.000    8.750  1008.30
0000003 2017061400 2017 06 14 00  288.500    9.500  1008.43
0000003 2017061406 2017 06 14 06  288.500   10.000  1009.39
0000003 2017061412 2017 06 14 12  288.250   10.250  1010.76
0000003 2017061418 2017 06 14 18  288.000    8.750  1008.60
0000003 2017061500 2017 06 15 00  288.000    9.000  1009.20
0000003 2017061506 2017 06 15 06  288.500   10.000  1010.66
0000003 2017061512 2017 06 15 12  288.500   10.000  1011.20
0000003 2017061518 2017 06 15 18  289.500   11.250  1005.06
0000004 2017061618 2017 06 16 18  281.500   15.750  1007.88
0000004 2017061700 2017 06 17 00  280.000   15.500  1007.02
0000004 2017061706 2017 06 17 06  280.000   16.500  1007.05
0000004 2017061712 2017 06 17 12  281.000   17.000  1006.44
0000004 2017061718 2017 06 17 18  280.500   18.500  1006.09
0000004 2017061800 2017 06 18 00  280.000   19.000  1003.51
0000004 2017061806 2017 06 18 06  279.750   20.000  1002.77
0000004 2017061812 2017 06 18 12  279.250   21.250  1001.83
0000004 2017061818 2017 06 18 18  278.250   22.000  1002.69
0000005 2017062718 2017 06 27 18  288.000    8.750  1009.13
0000005 2017062800 2017 06 28 00  288.500    9.750  1007.67
0000005 2017062806 2017 06 28 06  288.250    9.750  1010.36
0000005 2017062812 2017 06 28 12  288.000    9.500  1011.65
0000005 2017062818 2017 06 28 18  288.000    8.750  1008.55
0000005 2017062900 2017 06 29 00  288.500   10.000  1007.85
0000005 2017062906 2017 06 29 06  288.500    9.750  1009.07
0000005 2017062912 2017 06 29 12  288.250    9.750  1010.87
0000005 2017062918 2017 06 29 18  288.000    8.750  1008.62
0000006 2017070300 2017 07 03 00  288.500    9.500  1009.08
0000006 2017070306 2017 07 03 06  288.250   10.000  1010.01
0000006 2017070312 2017 07 03 12  288.250   10.000  1011.43
0000006 2017070318 2017 07 03 18  288.000    8.750  1008.67
0000006 2017070400 2017 07 04 00  288.750    9.750  1009.22
0000006 2017070406 2017 07 04 06  288.250   10.250  1010.31
0000007 2017071000 2017 07 10 00  288.500   10.250  1007.01
0000007 2017071006 2017 07 10 06  288.250   10.000  1008.74
0000007 2017071012 2017 07 10 12  288.000   10.000  1010.22
0000007 2017071018 2017 07 10 18  288.750   11.000  1008.60
0000007 2017071100 2017 07 11 00  288.750    9.500  1009.29
0000007 2017071106 2017 07 11 06  288.500   10.000  1010.21
0000007 2017071112 2017 07 11 12  288.250   10.000  1010.87
0000007 2017071118 2017 07 11 18  288.000    8.750  1008.25
0000007 2017071200 2017 07 12 00  288.750    9.750  1008.19
0000007 2017071206 2017 07 12 06  288.000   10.000  1010.24
0000007 2017071212 2017 07 12 12  288.250   10.000  1012.33
0000008 2017071400 2017 07 14 00  288.250    9.250  1009.40
0000008 2017071406 2017 07 14 06  288.250   10.250  1010.73
0000008 2017071412 2017 07 14 12  288.000   10.000  1012.04
0000008 2017071418 2017 07 14 18  286.250    9.750  1009.85
0000008 2017071500 2017 07 15 00  285.250    8.750  1011.00
0000009 2017072900 2017 07 29 00  288.500   10.250  1007.39
0000009 2017072906 2017 07 29 06  288.250   10.250  1008.67
0000009 2017072912 2017 07 29 12  288.500   10.000  1009.95
0000009 2017072918 2017 07 29 18  288.000    8.750  1007.42
0000009 2017073000 2017 07 30 00  288.250    9.750  1008.24
0000009 2017073006 2017 07 30 06  288.500   10.000  1009.72
0000009 2017073012 2017 07 30 12  288.250   10.250  1011.55
0000009 2017073018 2017 07 30 18  288.750   10.750  1008.58
0000009 2017073100 2017 07 31 00  288.500   11.000  1009.63
0000009 2017073106 2017 07 31 06  288.500   10.000  1011.69
0000009 2017073112 2017 07 31 12  288.500   10.000  1012.91
0000009 2017073118 2017 07 31 18  288.000    8.750  1010.52
0000009 2017080100 2017 08 01 00  288.500    9.500  1014.81
0000009 2017080106 2017 08 01 06  288.500   10.000  1014.61
0000010 2017080800 2017 08 08 00  288.500   10.000  1006.62
0000010 2017080806 2017 08 08 06  288.250   10.250  1008.32
0000010 2017080812 2017 08 08 12  288.000   10.000  1010.25
0000010 2017080818 2017 08 08 18  286.250    9.750  1006.83
0000010 2017080900 2017 08 09 00  285.500   11.000  1007.34
0000010 2017080906 2017 08 09 06  284.500   10.750  1009.55
0000010 2017080912 2017 08 09 12  283.000   10.500  1009.69
0000010 2017080918 2017 08 09 18  281.500   10.250  1010.55
0000011 2017080900 2017 08 09 00  288.750    9.750  1006.97
0000011 2017080906 2017 08 09 06  288.250   10.000  1009.02
0000011 2017080912 2017 08 09 12  288.000   10.000  1010.51
0000011 2017080918 2017 08 09 18  286.250    9.750  1008.56
0000011 2017081000 2017 08 10 00  285.250    8.750  1009.72
0000012 2017081018 2017 08 10 18  286.250    9.750  1008.39
0000012 2017081100 2017 08 11 00  287.750    9.250  1008.77
0000012 2017081106 2017 08 11 06  288.500   10.000  1010.04
0000012 2017081112 2017 08 11 12  288.250   10.000  1010.54
0000012 2017081118 2017 08 11 18  288.000    9.000  1007.65
0000012 2017081200 2017 08 12 00  288.750    9.750  1007.75
0000012 2017081206 2017 08 12 06  288.500   10.000  1008.89
0000012 2017081212 2017 08 12 12  288.250   10.250  1010.69
0000012 2017081218 2017 08 12 18  287.750    9.250  1008.39
0000012 2017081300 2017 08 13 00  288.750    9.750  1008.75
0000012 2017081306 2017 08 13 06  288.500   10.000  1009.70
0000012 2017081312 2017 08 13 12  288.250   10.000  1011.25
0000012 2017081318 2017 08 13 18  287.750    9.000  1008.70
0000012 2017081400 2017 08 14 00  288.750    9.750  1008.92
0000012 2017081406 2017 08 14 06  288.500   10.000  1008.72
0000012 2017081412 2017 08 14 12  288.250   10.000  1010.09
0000013 2017081500 2017 08 15 00  288.250    9.500  1005.85
0000013 2017081506 2017 08 15 06  288.500   10.000  1007.34
0000013 2017081512 2017 08 15 12  288.000    9.750  1009.15
0000013 2017081518 2017 08 15 18  286.250    9.750  1005.56
0000013 2017081600 2017 08 16 00  285.500   10.750  1006.71
0000013 2017081606 2017 08 16 06  284.500   10.750  1005.18
0000013 2017081612 2017 08 16 12  283.000   10.500  1007.60
0000014 2017081600 2017 08 16 00  288.500   10.000  1006.76
0000014 2017081606 2017 08 16 06  288.250   10.000  1004.45
0000014 2017081612 2017 08 16 12  288.250   10.250  1008.00
0000014 2017081618 2017 08 16 18  287.750    9.250  1004.37
0000014 2017081700 2017 08 17 00  288.750    9.750  1007.61
0000014 2017081706 2017 08 17 06  288.500   10.250  1009.76
0000014 2017081712 2017 08 17 12  288.500   10.250  1010.71
0000014 2017081718 2017 08 17 18  287.750    8.750  1005.53
0000014 2017081800 2017 08 18 00  287.750    9.250  1006.57
0000014 2017081806 2017 08 18 06  288.750    9.750  1008.51
0000014 2017081812 2017 08 18 12  288.500   10.250  1009.47
0000014 2017081818 2017 08 18 18  288.000    8.750  1006.32
0000014 2017081900 2017 08 19 00  288.000    9.000  1006.64
0000014 2017081906 2017 08 19 06  288.750    9.750  1009.22
0000014 2017081912 2017 08 19 12  288.500    9.500  1009.16
0000014 2017081918 2017 08 19 18  287.750    8.750  1006.43
0000014 2017082000 2017 08 20 00  287.750    9.000  1007.07
0000014 2017082006 2017 08 20 06  288.500    9.750  1009.50
0000014 2017082012 2017 08 20 12  288.500    9.500  1010.79
0000014 2017082018 2017 08 20 18  288.000    8.750  1007.82
0000014 2017082100 2017 08 21 00  288.500    9.500  1008.29
0000014 2017082106 2017 08 21 06  288.250    9.500  1011.18
0000015 2017090200 2017 09 02 00  288.750   10.000  1009.15
0000015 2017090206 2017 09 02 06  288.500    9.750  1009.91
0000015 2017090212 2017 09 02 12  288.250    9.750  1011.58
0000015 2017090218 2017 09 02 18  288.000    9.000  1008.23
0000015 2017090300 2017 09 03 00  288.250    9.500  1008.76
0000015 2017090306 2017 09 03 06  288.750   10.000  1010.40
0000015 2017090312 2017 09 03 12  288.500   10.000  1011.67
0000015 2017090318 2017 09 03 18  287.750    9.500  1008.68
0000015 2017090400 2017 09 04 00  288.750    9.500  1009.33
0000015 2017090406 2017 09 04 06  288.750    9.750  1010.80
0000015 2017090412 2017 09 04 12  288.500   10.000  1011.03
0000015 2017090418 2017 09 04 18  287.750    9.000  1007.61
0000015 2017090500 2017 09 05 00  288.500    9.500  1008.53
0000015 2017090506 2017 09 05 06  288.750   10.000  1010.98
0000015 2017090512 2017 09 05 12  288.500   10.000  1011.34
0000015 2017090518 2017 09 05 18  287.750    8.750  1007.40
0000015 2017090600 2017 09 06 00  287.750    9.000  1007.83
0000015 2017090606 2017 09 06 06  288.750    9.750  1009.26
0000015 2017090612 2017 09 06 12  288.750    9.750  1010.33
0000016 2017090312 2017 09 03 12  312.250   18.000  1002.47
0000016 2017090318 2017 09 03 18  310.750   18.000   999.32
0000016 2017090400 2017 09 04 00  309.500   17.500   995.22
0000016 2017090406 2017 09 04 06  308.250   17.000   992.43
0000016 2017090412 2017 09 04 12  307.000   16.750   991.87
0000016 2017090418 2017 09 04 18  306.000   16.500   989.70
0000016 2017090500 2017 09 05 00  304.750   16.250   985.99
0000016 2017090506 2017 09 05 06  303.500   16.250   980.29
0000016 2017090512 2017 09 05 12  302.250   16.250   979.60
0000016 2017090518 2017 09 05 18  301.000   16.750   976.65
0000016 2017090600 2017 09 06 00  299.750   17.250   976.81
0000016 2017090606 2017 09 06 06  298.250   17.500   974.49
0000016 2017090612 2017 09 06 12  297.000   18.250   974.20
0000016 2017090618 2017 09 06 18  295.500   18.750   972.17
0000016 2017090700 2017 09 07 00  294.000   19.250   970.27
0000016 2017090706 2017 09 07 06  292.500   19.750   967.24
0000016 2017090712 2017 09 07 12  291.000   20.250   967.38
0000017 2017090718 2017 09 07 18  289.250   21.000   964.71
0000017 2017090800 2017 09 08 00  288.000   21.250   958.56
0000017 2017090806 2017 09 08 06  286.750   21.500   955.64
0000017 2017090812 2017 09 08 12  285.250   22.000   955.51
0000017 2017090818 2017 09 08 18  284.000   22.250   954.69
0000017 2017090900 2017 09 09 00  282.500   22.250   955.24
0000017 2017090906 2017 09 09 06  281.500   22.250   956.63
0000017 2017090912 2017 09 09 12  280.500   22.500   956.83
0000017 2017090918 2017 09 09 18  279.750   22.750   959.43
0000017 2017091000 2017 09 10 00  279.250   23.000   959.68
0000017 2017091006 2017 09 10 06  278.750   23.500   957.66
0000017 2017091012 2017 09 10 12  278.500   24.250   954.73
0000017 2017091018 2017 09 10 18  278.500   25.250   955.14
0000017 2017091100 2017 09 11 00  278.500   26.750   971.17
0000018 2017090712 2017 09 07 12  309.500   14.500  1004.25
0000018 2017090718 2017 09 07 18  308.000   15.000   999.23
0000018 2017090800 2017 09 08 00  306.250   15.000   997.64
0000018 2017090806 2017 09 08 06  304.500   15.500   994.73
0000018 2017090812 2017 09 08 12  303.000   15.750   992.65
0000018 2017090818 2017 09 08 18  302.000   16.000   989.58
0000018 2017090900 2017 09 09 00  300.750   16.250   990.94
0000018 2017090906 2017 09 09 06  299.750   16.750   989.73
0000018 2017090912 2017 09 09 12  298.750   17.250   990.87
0000018 2017090918 2017 09 09 18  297.500   18.000   989.35
0000018 2017091000 2017 09 10 00  296.500   18.750   990.37
0000018 2017091006 2017 09 10 06  295.250   19.500   988.90
0000018 2017091012 2017 09 10 12  294.250   20.500   987.08
0000018 2017091018 2017 09 10 18  293.250   21.500   984.10
0000018 2017091100 2017 09 11 00  292.500   22.750   982.81
0000018 2017091106 2017 09 11 06  291.500   23.750   982.42
0000018 2017091112 2017 09 11 12  291.000   24.750   983.96
0000018 2017091118 2017 09 11 18  290.500   25.500   984.13
0000018 2017091200 2017 09 12 00  291.000   26.500   989.89
0000019 2017091400 2017 09 14 00  294.250   25.500   997.81
0000019 2017091406 2017 09 14 06  294.000   25.250   996.16
0000019 2017091412 2017 09 14 12  293.500   25.250   998.00
0000019 2017091418 2017 09 14 18  293.000   25.500   995.53
0000019 2017091500 2017 09 15 00  292.250   25.500   994.76
0000019 2017091506 2017 09 15 06  291.500   25.750   995.50
0000019 2017091512 2017 09 15 12  290.750   26.250   996.89
0000019 2017091518 2017 09 15 18  290.250   26.500   992.71
0000020 2017091600 2017 09 16 00  309.250    8.750  1010.74
0000020 2017091606 2017 09 16 06  309.000    9.500  1006.94
0000020 2017091612 2017 09 16 12  308.500   10.500  1009.61
0000020 2017091618 2017 09 16 18  307.000   11.250  1006.23
0000020 2017091700 2017 09 17 00  306.000   11.750  1007.76
0000020 2017091706 2017 09 17 06  305.000   12.250  1004.86
0000020 2017091712 2017 09 17 12  303.500   12.500  1005.85
0000020 2017091718 2017 09 17 18  303.250   13.000  1001.90
0000020 2017091800 2017 09 18 00  302.250   13.750  1003.53
0000020 2017091806 2017 09 18 06  301.000   14.000  1001.64
0000020 2017091812 2017 09 18 12  300.250   14.500   999.16
0000020 2017091818 2017 09 18 18  299.750   14.750   992.76
0000020 2017091900 2017 09 19 00  299.000   15.250   989.96
0000020 2017091906 2017 09 19 06  298.250   15.750   985.86
0000020 2017091912 2017 09 19 12  297.500   16.000   980.23
0000020 2017091918 2017 09 19 18  296.750   16.250   977.74
0000020 2017092000 2017 09 20 00  295.750   17.000   973.40
0000020 2017092006 2017 09 20 06  295.000   17.500   968.89
0000020 2017092012 2017 09 20 12  294.250   18.000   971.07
0000020 2017092018 2017 09 20 18  293.250   18.500   970.13
0000020 2017092100 2017 09 21 00  292.500   19.000   965.94
0000020 2017092106 2017 09 21 06  292.000   19.500   958.58
0000020 2017092112 2017 09 21 12  291.250   20.000   955.64
0000020 2017092118 2017 09 21 18  290.500   20.500   958.55
0000020 2017092200 2017 09 22 00  290.000   20.750   957.06
0000020 2017092206 2017 09 22 06  289.250   21.250   959.24
0000020 2017092212 2017 09 22 12  289.000   22.000   958.92
0000020 2017092218 2017 09 22 18  288.500   22.750   957.25
0000020 2017092300 2017 09 23 00  288.000   23.250   959.13
0000020 2017092306 2017 09 23 06  288.000   24.000   959.44
0000020 2017092312 2017 09 23 12  287.750   24.500   961.04
0000020 2017092318 2017 09 23 18  287.750   25.500   962.08
0000020 2017092400 2017 09 24 00  288.000   26.500   966.66
0000021 2017093018 2017 09 30 18  288.000    8.750  1005.70
0000021 2017100100 2017 10 01 00  287.750    9.250  1009.77
0000021 2017100106 2017 10 01 06  288.500   10.000  1009.96
0000021 2017100112 2017 10 01 12  288.500    9.750  1009.53
0000021 2017100118 2017 10 01 18  287.750    8.750  1005.82
0000021 2017100200 2017 10 02 00  288.250    9.250  1005.99
0000021 2017100206 2017 10 02 06  288.500   10.000  1007.75
0000021 2017100212 2017 10 02 12  288.000    9.750  1009.21
0000021 2017100218 2017 10 02 18  287.750    8.750  1005.66
0000021 2017100300 2017 10 03 00  288.750    9.750  1006.04
0000021 2017100306 2017 10 03 06  288.750    9.750  1007.72
0000021 2017100312 2017 10 03 12  288.500    9.750  1009.11
0000021 2017100318 2017 10 03 18  287.750    8.750  1006.01
0000021 2017100400 2017 10 04 00  287.750    9.250  1006.22
0000021 2017100406 2017 10 04 06  288.750    9.750  1007.93
0000021 2017100412 2017 10 04 12  288.500    9.750  1008.55
0000021 2017100418 2017 10 04 18  287.750    9.000  1005.56
0000021 2017100500 2017 10 05 00  288.500    9.500  1005.75
0000021 2017100506 2017 10 05 06  288.750   11.000  1007.83
0000021 2017100512 2017 10 05 12  288.500   11.250  1008.54
0000022 2017100618 2017 10 06 18  287.750    8.750  1010.49
0000022 2017100700 2017 10 07 00  287.750    9.000  1010.80
0000022 2017100706 2017 10 07 06  288.500    9.750  1012.94
0000022 2017100712 2017 10 07 12  288.500    9.750  1013.58
0000022 2017100718 2017 10 07 18  287.750    8.750  1009.74
0000022 2017100800 2017 10 08 00  287.750    9.250  1009.00
0000022 2017100806 2017 10 08 06  288.500    9.750  1010.16
0000022 2017100812 2017 10 08 12  288.250    9.750  1010.63
0000022 2017100818 2017 10 08 18  287.750    9.000  1007.02
0000022 2017100900 2017 10 09 00  287.500    9.250  1006.74
0000022 2017100906 2017 10 09 06  288.750    9.750  1008.34
0000022 2017100912 2017 10 09 12  288.500    9.750  1009.36
0000022 2017100918 2017 10 09 18  287.500    9.250  1005.44
0000022 2017101000 2017 10 10 00  288.500    9.250  1006.21
0000022 2017101006 2017 10 10 06  288.500   10.000  1008.31
0000022 2017101012 2017 10 10 12  288.500   10.000  1009.16
0000022 2017101018 2017 10 10 18  287.750    8.750  1004.79
0000022 2017101100 2017 10 11 00  288.000    9.000  1005.98
0000022 2017101106 2017 10 11 06  288.750    9.750  1007.48
0000022 2017101112 2017 10 11 12  288.500   10.000  1008.44
0000022 2017101118 2017 10 11 18  287.750    8.750  1004.60
0000022 2017101200 2017 10 12 00  288.500    9.500  1005.79
0000022 2017101206 2017 10 12 06  288.500   10.000  1007.84
0000022 2017101212 2017 10 12 12  288.500   10.000  1008.84
0000022 2017101218 2017 10 12 18  287.750    8.750  1004.65
0000022 2017101300 2017 10 13 00  288.250    9.250  1005.04
0000022 2017101306 2017 10 13 06  288.500   10.000  1006.62
0000022 2017101312 2017 10 13 12  288.000   10.000  1008.56
0000022 2017101318 2017 10 13 18  287.750    8.750  1004.91
0000022 2017101400 2017 10 14 00  288.750   10.000  1004.73
0000022 2017101406 2017 10 14 06  288.500    9.750  1006.00
0000022 2017101412 2017 10 14 12  288.250    9.750  1008.32
0000022 2017101418 2017 10 14 18  287.750    9.000  1005.53
0000022 2017101500 2017 10 15 00  288.500    9.500  1006.89
0000022 2017101506 2017 10 15 06  288.500    9.750  1007.62
0000022 2017101512 2017 10 15 12  288.250    9.750  1008.90
0000022 2017101518 2017 10 15 18  287.750    9.000  1005.43
0000022 2017101600 2017 10 16 00  288.500    9.500  1006.49
0000022 2017101606 2017 10 16 06  288.500   11.000  1003.53
0000022 2017101612 2017 10 16 12  288.250   11.500  1006.13
0000023 2017101818 2017 10 18 18  287.750    9.000  1004.03
0000023 2017101900 2017 10 19 00  288.500    9.500  1005.74
0000023 2017101906 2017 10 19 06  288.500   10.500  1006.92
0000023 2017101912 2017 10 19 12  288.250   11.000  1008.01
0000023 2017101918 2017 10 19 18  287.750    9.250  1004.18
0000023 2017102000 2017 10 20 00  288.750    9.750  1005.12
0000023 2017102006 2017 10 20 06  288.500   10.500  1006.54
0000023 2017102012 2017 10 20 12  288.250   11.000  1007.67
0000023 2017102018 2017 10 20 18  287.750    9.250  1003.43
0000023 2017102100 2017 10 21 00  288.000    9.750  1004.85
0000023 2017102106 2017 10 21 06  288.250   10.250  1005.95
0000023 2017102112 2017 10 21 12  288.500   10.000  1007.41
0000023 2017102118 2017 10 21 18  287.750    9.250  1004.92
0000023 2017102200 2017 10 22 00  288.750    9.750  1006.49
0000023 2017102206 2017 10 22 06  288.500   10.000  1007.50
0000023 2017102212 2017 10 22 12  288.250   10.250  1009.33
0000023 2017102218 2017 10 22 18  288.000    8.750  1005.71
0000023 2017102300 2017 10 23 00  288.750    9.750  1006.78
0000023 2017102306 2017 10 23 06  288.500   10.250  1008.00
0000023 2017102312 2017 10 23 12  288.250   11.000  1009.30
