0000001 2007060106 2007 06 01 06  288.500   10.000  1013.26
0000001 2007060112 2007 06 01 12  288.250    9.500  1012.87
0000001 2007060118 2007 06 01 18  288.750   10.250  1011.10
0000001 2007060200 2007 06 02 00  288.500   10.250  1009.25
0000001 2007060206 2007 06 02 06  288.250   10.000  1010.50
0000001 2007060212 2007 06 02 12  288.250   10.000  1011.93
0000001 2007060218 2007 06 02 18  289.000   11.000  1009.75
0000002 2007060418 2007 06 04 18  289.000   11.000  1009.48
0000002 2007060500 2007 06 05 00  288.750   10.750  1008.49
0000002 2007060506 2007 06 05 06  288.250   10.250  1010.04
0000002 2007060512 2007 06 05 12  288.250   10.000  1011.30
0000002 2007060518 2007 06 05 18  289.000   11.000  1009.46
0000002 2007060600 2007 06 06 00  288.500   10.500  1008.74
0000002 2007060606 2007 06 06 06  288.250   10.000  1010.08
0000002 2007060612 2007 06 06 12  288.250   10.000  1011.40
0000003 2007060718 2007 06 07 18  288.750   10.750  1008.29
0000003 2007060800 2007 06 08 00  288.500    9.500  1007.42
0000003 2007060806 2007 06 08 06  288.250   10.000  1008.25
0000003 2007060812 2007 06 08 12  288.000    9.750  1009.56
0000003 2007060818 2007 06 08 18  288.000    8.750  1006.92
0000003 2007060900 2007 06 09 00  288.750    9.500  1006.93
0000003 2007060906 2007 06 09 06  288.500   10.000  1008.39
0000003 2007060912 2007 06 09 12  288.250   10.000  1008.61
0000003 2007060918 2007 06 09 18  288.000    8.750  1006.26
0000003 2007061000 2007 06 10 00  288.250    9.250  1006.60
0000003 2007061006 2007 06 10 06  288.750   11.000  1009.25
0000003 2007061012 2007 06 10 12  288.250   11.000  1009.01
0000004 2007061118 2007 06 11 18  288.000    8.750  1007.11
0000004 2007061200 2007 06 12 00  288.250    9.750  1006.03
0000004 2007061206 2007 06 12 06  288.250   10.000  1007.44
0000004 2007061212 2007 06 12 12  288.250   10.250  1007.97
0000004 2007061218 2007 06 12 18  288.000    8.750  1005.45
0000005 2007061318 2007 06 13 18  289.000   11.000  1004.70
0000005 2007061400 2007 06 14 00  288.750   11.000  1003.67
0000005 2007061406 2007 06 14 06  288.250   10.000  1006.58
0000005 2007061412 2007 06 14 12  288.250   10.250  1008.00
0000005 2007061418 2007 06 14 18  288.000    8.750  1006.29
0000005 2007061500 2007 06 15 00  287.750    9.250  1005.86
0000005 2007061506 2007 06 15 06  288.750    9.750  1007.68
0000005 2007061512 2007 06 15 12  288.250   10.250  1009.50
0000006 2007061618 2007 06 16 18  288.750   10.750  1007.60
0000006 2007061700 2007 06 17 00  288.500   10.750  1007.40
0000006 2007061706 2007 06 17 06  288.250   10.250  1009.22
0000006 2007061712 2007 06 17 12  288.000   10.000  1010.74
0000006 2007061718 2007 06 17 18  288.000    8.750  1008.30
0000006 2007061800 2007 06 18 00  288.500    9.750  1007.34
0000006 2007061806 2007 06 18 06  288.500   10.000  1008.52
0000006 2007061812 2007 06 18 12  288.250   10.250  1009.56
0000006 2007061818 2007 06 18 18  288.750   10.750  1007.77
0000006 2007061900 2007 06 19 00  288.500   10.500  1007.69
0000007 2007061918 2007 06 19 18  288.750   10.750  1007.78
0000007 2007062000 2007 06 20 00  288.500   10.250  1007.10
0000007 2007062006 2007 06 20 06  288.000   10.000  1008.44
0000007 2007062012 2007 06 20 12  288.750    9.750  1009.20
0000007 2007062018 2007 06 20 18  288.000    8.750  1007.10
0000007 2007062100 2007 06 21 00  288.750    9.750  1007.78
0000007 2007062106 2007 06 21 06  288.500   10.000  1009.49
0000008 2007062118 2007 06 21 18  287.750    9.750  1007.48
0000008 2007062200 2007 06 22 00  288.250   10.000  1006.85
0000008 2007062206 2007 06 22 06  288.750    9.750  1009.86
0000008 2007062212 2007 06 22 12  288.000    9.750  1010.62
0000008 2007062218 2007 06 22 18  288.000    8.750  1007.40
0000008 2007062300 2007 06 23 00  288.500   10.500  1006.59
0000008 2007062306 2007 06 23 06  288.000    9.750  1008.73
0000009 2007062906 2007 06 29 06  288.500   10.250  1009.24
0000009 2007062912 2007 06 29 12  288.500   11.000  1010.71
0000009 2007062918 2007 06 29 18  287.750    9.750  1008.17
0000009 2007063000 2007 06 30 00  288.750    9.750  1008.87
0000009 2007063006 2007 06 30 06  288.250   10.250  1010.31
0000010 2007070106 2007 07 01 06  288.750    9.750  1012.49
0000010 2007070112 2007 07 01 12  288.250    9.750  1012.19
0000010 2007070118 2007 07 01 18  288.000    8.750  1010.33
0000010 2007070200 2007 07 02 00  288.750    9.750  1010.66
0000010 2007070206 2007 07 02 06  288.500   10.000  1011.59
0000010 2007070212 2007 07 02 12  288.000   10.000  1011.76
0000010 2007070218 2007 07 02 18  288.000    8.750  1009.49
0000010 2007070300 2007 07 03 00  288.750    9.750  1008.72
0000010 2007070306 2007 07 03 06  288.500   10.000  1010.61
0000011 2007070700 2007 07 07 00  288.500    9.500  1006.56
0000011 2007070706 2007 07 07 06  288.250   10.000  1008.11
0000011 2007070712 2007 07 07 12  288.000   10.000  1009.86
0000011 2007070718 2007 07 07 18  286.250    9.750  1006.76
0000011 2007070800 2007 07 08 00  285.500    9.000  1007.23
0000012 2007070800 2007 07 08 00  288.500    9.500  1006.78
0000012 2007070806 2007 07 08 06  288.250   10.000  1008.31
0000012 2007070812 2007 07 08 12  288.250   10.000  1009.44
0000012 2007070818 2007 07 08 18  287.750    9.000  1007.72
0000012 2007070900 2007 07 09 00  288.500   10.000  1009.05
0000012 2007070906 2007 07 09 06  288.250   10.000  1010.11
0000012 2007070912 2007 07 09 12  288.250   10.000  1012.29
0000012 2007070918 2007 07 09 18  288.750   10.750  1008.97
0000012 2007071000 2007 07 10 00  288.500   10.250  1008.17
0000012 2007071006 2007 07 10 06  288.250   10.000  1009.82
0000013 2007071500 2007 07 15 00  288.500   10.250  1006.60
0000013 2007071506 2007 07 15 06  288.000    9.750  1008.71
0000013 2007071512 2007 07 15 12  288.000    9.750  1010.22
0000013 2007071518 2007 07 15 18  286.250    9.750  1007.44
0000013 2007071600 2007 07 16 00  285.500   10.750  1007.31
0000013 2007071606 2007 07 16 06  284.500   10.750  1005.92
0000013 2007071612 2007 07 16 12  283.000   10.750  1008.33
0000014 2007071600 2007 07 16 00  288.500    9.500  1007.14
0000014 2007071606 2007 07 16 06  288.250   10.250  1005.18
0000014 2007071612 2007 07 16 12  288.500   11.000  1008.12
0000014 2007071618 2007 07 16 18  287.750    9.500  1006.38
0000014 2007071700 2007 07 17 00  288.500    9.500  1007.23
0000014 2007071706 2007 07 17 06  288.500   10.750  1009.41
0000014 2007071712 2007 07 17 12  288.250   10.250  1010.73
0000014 2007071718 2007 07 17 18  288.000    8.750  1008.24
0000014 2007071800 2007 07 18 00  288.250    9.750  1008.05
0000014 2007071806 2007 07 18 06  288.500   10.250  1010.03
0000014 2007071812 2007 07 18 12  288.000   10.000  1011.27
0000014 2007071818 2007 07 18 18  288.000    8.750  1008.48
0000014 2007071900 2007 07 19 00  288.500    9.750  1008.07
0000014 2007071906 2007 07 19 06  288.500    9.750  1009.14
0000014 2007071912 2007 07 19 12  288.500   10.000  1010.04
0000014 2007071918 2007 07 19 18  287.750    9.000  1007.27
0000014 2007072000 2007 07 20 00  288.500    9.250  1007.93
0000014 2007072006 2007 07 20 06  288.750    9.750  1009.61
0000014 2007072012 2007 07 20 12  288.500   10.000  1010.21
0000014 2007072018 2007 07 20 18  288.000    8.750  1007.72
0000014 2007072100 2007 07 21 00  288.500    9.250  1008.24
0000014 2007072106 2007 07 21 06  288.750    9.750  1010.24
0000014 2007072112 2007 07 21 12  288.500   11.000  1011.28
0000015 2007072518 2007 07 25 18  288.000    8.750  1008.43
0000015 2007072600 2007 07 26 00  288.750   10.000  1008.21
0000015 2007072606 2007 07 26 06  288.500   10.250  1009.85
0000015 2007072612 2007 07 26 12  288.250   10.000  1011.20
0000015 2007072618 2007 07 26 18  288.000    8.750  1008.69
0000015 2007072700 2007 07 27 00  288.500    9.750  1008.65
0000015 2007072706 2007 07 27 06  288.500   10.000  1009.36
0000015 2007072712 2007 07 27 12  288.250   10.000  1009.89
0000015 2007072718 2007 07 27 18  287.750    9.250  1007.17
0000015 2007072800 2007 07 28 00  288.500    9.250  1007.71
0000015 2007072806 2007 07 28 06  288.500   10.250  1008.61
0000015 2007072812 2007 07 28 12  288.250   10.250  1009.71
0000015 2007072818 2007 07 28 18  287.750    9.500  1007.74
0000015 2007072900 2007 07 29 00  288.250    9.250  1008.76
0000015 2007072906 2007 07 29 06  288.750    9.750  1009.98
0000016 2007080118 2007 08 01 18  288.000    8.750  1006.00
0000016 2007080200 2007 08 02 00  288.500   10.000  1005.85
0000016 2007080206 2007 08 02 06  288.500   10.000  1007.20
0000016 2007080212 2007 08 02 12  288.250    9.750  1008.21
0000016 2007080218 2007 08 02 18  288.000    9.000  1006.65
0000016 2007080300 2007 08 03 00  288.500   10.000  1006.98
0000016 2007080306 2007 08 03 06  288.500   10.000  1007.75
0000016 2007080312 2007 08 03 12  288.250   10.000  1008.88
0000016 2007080318 2007 08 03 18  288.000    8.750  1007.21
0000016 2007080400 2007 08 04 00  288.750    9.750  1008.00
0000016 2007080406 2007 08 04 06  288.500   10.250  1009.27
0000016 2007080412 2007 08 04 12  288.250   10.250  1010.84
0000016 2007080418 2007 08 04 18  288.000    8.750  1008.03
0000016 2007080500 2007 08 05 00  288.500    9.500  1009.53
0000016 2007080506 2007 08 05 06  288.750    9.750  1010.88
0000016 2007080512 2007 08 05 12  288.250   10.000  1010.77
0000016 2007080518 2007 08 05 18  288.000    8.750  1007.94
0000016 2007080600 2007 08 06 00  288.750    9.500  1008.90
0000016 2007080606 2007 08 06 06  288.750    9.750  1010.64
0000016 2007080612 2007 08 06 12  288.500   10.000  1010.68
0000016 2007080618 2007 08 06 18  288.000    8.750  1007.80
0000016 2007080700 2007 08 07 00  287.750    9.250  1007.56
0000016 2007080706 2007 08 07 06  288.750    9.750  1009.52
0000016 2007080712 2007 08 07 12  288.500   10.000  1010.98
0000016 2007080718 2007 08 07 18  288.000    8.750  1007.47
0000016 2007080800 2007 08 08 00  287.750    9.000  1007.57
0000016 2007080806 2007 08 08 06  288.750    9.750  1009.25
0000016 2007080812 2007 08 08 12  288.500   10.250  1009.57
0000016 2007080818 2007 08 08 18  287.750    8.750  1007.19
0000016 2007080900 2007 08 09 00  288.000    9.000  1006.92
0000016 2007080906 2007 08 09 06  288.250   10.000  1008.72
0000016 2007080912 2007 08 09 12  288.000   10.000  1009.43
0000016 2007080918 2007 08 09 18  288.000    8.750  1007.44
0000016 2007081000 2007 08 10 00  288.000    9.000  1007.33
0000016 2007081006 2007 08 10 06  288.750    9.750  1009.08
0000016 2007081012 2007 08 10 12  288.250   10.250  1009.93
0000016 2007081018 2007 08 10 18  289.000   11.000  1007.24
0000017 2007081706 2007 08 17 06  299.750   15.000   994.06
0000017 2007081712 2007 08 17 12  298.000   15.250   992.68
0000017 2007081718 2007 08 17 18  296.500   15.750   990.25
0000017 2007081800 2007 08 18 00  294.750   15.750   986.62
0000017 2007081806 2007 08 18 06  293.500   16.000   982.73
0000017 2007081812 2007 08 18 12  291.750   16.250   981.06
0000017 2007081818 2007 08 18 18  290.250   16.250   977.40
0000017 2007081900 2007 08 19 00  289.000   16.500   973.96
0000017 2007081906 2007 08 19 06  287.250   16.750   969.94
0000017 2007081912 2007 08 19 12  285.500   17.000   970.70
0000017 2007081918 2007 08 19 18  284.000   17.250   969.26
0000017 2007082000 2007 08 20 00  282.250   17.500   968.10
0000017 2007082006 2007 08 20 06  280.500   18.000   968.06
0000018 2007090106 2007 09 01 06  288.500    9.500  1013.62
0000018 2007090112 2007 09 01 12  288.500    9.750  1013.15
0000018 2007090118 2007 09 01 18  288.000    8.750  1010.77
0000018 2007090200 2007 09 02 00  287.750    9.000  1011.07
0000018 2007090206 2007 09 02 06  288.750    9.750  1012.19
0000018 2007090212 2007 09 02 12  288.500    9.750  1012.30
0000018 2007090218 2007 09 02 18  288.000    8.750  1009.97
0000018 2007090300 2007 09 03 00  287.750    9.250  1009.71
0000018 2007090306 2007 09 03 06  288.500   10.000  1011.15
0000018 2007090312 2007 09 03 12  288.500   10.000  1011.58
0000018 2007090318 2007 09 03 18  287.750    8.750  1009.29
0000018 2007090400 2007 09 04 00  288.250    9.250  1009.47
0000018 2007090406 2007 09 04 06  288.500   11.000  1010.80
0000018 2007090412 2007 09 04 12  288.500   10.000  1011.16
0000018 2007090418 2007 09 04 18  288.000    8.750  1008.08
0000018 2007090500 2007 09 05 00  287.750    9.250  1008.08
0000018 2007090506 2007 09 05 06  288.500   10.000  1010.08
0000018 2007090512 2007 09 05 12  288.250   10.500  1011.47
0000018 2007090518 2007 09 05 18  288.000    8.750  1009.31
0000018 2007090600 2007 09 06 00  288.000    9.250  1009.30
0000018 2007090606 2007 09 06 06  288.500   10.250  1011.23
0000018 2007090612 2007 09 06 12  288.250   10.250  1012.30
0000018 2007090618 2007 09 06 18  288.000    8.750  1009.26
0000018 2007090700 2007 09 07 00  288.250    9.250  1008.99
0000018 2007090706 2007 09 07 06  288.250   10.000  1010.21
0000018 2007090712 2007 09 07 12  288.250   10.000  1010.81
0000018 2007090718 2007 09 07 18  288.000    8.750  1008.29
0000018 2007090800 2007 09 08 00  288.250    9.250  1008.09
0000018 2007090806 2007 09 08 06  288.500   10.000  1008.98
0000018 2007090812 2007 09 08 12  288.250   10.000  1009.79
0000018 2007090818 2007 09 08 18  288.000    8.750  1006.97
0000018 2007090900 2007 09 09 00  288.500    9.500  1007.15
0000018 2007090906 2007 09 09 06  288.500   10.250  1008.92
0000018 2007090912 2007 09 09 12  288.250   10.250  1009.47
0000018 2007090918 2007 09 09 18  288.000    8.750  1007.26
0000018 2007091000 2007 09 10 00  288.750    9.500  1007.06
0000018 2007091006 2007 09 10 06  288.500   10.000  1008.31
0000018 2007091012 2007 09 10 12  288.250   10.250  1009.73
0000018 2007091018 2007 09 10 18  288.000    8.750  1006.73
0000018 2007091100 2007 09 11 00  288.500    9.500  1006.49
0000018 2007091106 2007 09 11 06  288.250   10.000  1008.19
0000019 2007091318 2007 09 13 18  312.250   14.750  1007.27
0000019 2007091400 2007 09 14 00  311.750   15.000  1008.91
0000019 2007091406 2007 09 14 06  311.250   15.250  1007.05
0000019 2007091412 2007 09 14 12  310.750   15.250  1009.05
0000019 2007091418 2007 09 14 18  310.250   15.500  1007.37
0000019 2007091500 2007 09 15 00  309.500   16.000  1008.64
0000019 2007091506 2007 09 15 06  308.250   16.500  1007.17
0000019 2007091512 2007 09 15 12  307.500   16.750  1009.48
0000019 2007091518 2007 09 15 18  306.250   17.500  1003.58
0000019 2007091600 2007 09 16 00  305.250   18.250  1005.44
0000019 2007091606 2007 09 16 06  304.250   19.250  1005.24
0000019 2007091612 2007 09 16 12  303.750   20.000  1007.98
0000019 2007091618 2007 09 16 18  303.250   21.000  1006.82
0000019 2007091700 2007 09 17 00  303.000   21.500  1007.52
0000019 2007091706 2007 09 17 06  302.000   22.000  1006.66
0000019 2007091712 2007 09 17 12  301.750   23.250  1008.42
0000019 2007091718 2007 09 17 18  301.500   23.250  1009.09
0000019 2007091800 2007 09 18 00  300.750   23.750  1009.32
0000019 2007091806 2007 09 18 06  299.500   23.500  1009.09
0000019 2007091812 2007 09 18 12  298.250   22.750  1010.79
0000019 2007091818 2007 09 18 18  297.750   22.500  1010.08
0000019 2007091900 2007 09 19 00  297.000   22.750  1011.04
0000019 2007091906 2007 09 19 06  296.500   22.750  1010.27
0000019 2007091912 2007 09 19 12  295.250   22.750  1011.61
0000019 2007091918 2007 09 19 18  293.500   23.250  1011.58
0000019 2007092000 2007 09 20 00  292.750   23.250  1012.29
0000020 2007091612 2007 09 16 12  281.500   11.250  1007.97
0000020 2007091618 2007 09 16 18  282.250   11.750  1008.36
0000020 2007091700 2007 09 17 00  282.000   13.500  1007.04
0000020 2007091706 2007 09 17 06  282.750   14.750  1007.22
0000020 2007091712 2007 09 17 12  281.750   15.000  1006.98
0000020 2007091718 2007 09 17 18  281.500   15.750  1007.12
0000020 2007091800 2007 09 18 00  281.250   16.250  1005.53
0000020 2007091806 2007 09 18 06  281.250   17.000  1004.39
0000020 2007091812 2007 09 18 12  280.500   17.500  1003.12
0000020 2007091818 2007 09 18 18  280.250   18.250  1003.09
0000020 2007091900 2007 09 19 00  280.250   18.750  1001.66
0000020 2007091906 2007 09 19 06  280.000   19.250   999.74
0000020 2007091912 2007 09 19 12  280.000   20.000   999.07
0000020 2007091918 2007 09 19 18  280.000   21.250  1001.04
0000020 2007092000 2007 09 20 00  280.500   21.750  1000.52
0000020 2007092006 2007 09 20 06  280.500   23.000  1001.02
0000021 2007092718 2007 09 27 18  288.000    8.750  1007.52
0000021 2007092800 2007 09 28 00  287.750    9.250  1007.18
0000021 2007092806 2007 09 28 06  288.750   10.750  1009.11
0000021 2007092812 2007 09 28 12  288.500   10.250  1010.05
0000021 2007092818 2007 09 28 18  288.000    8.750  1006.29
0000021 2007092900 2007 09 29 00  288.250    9.500  1005.60
0000021 2007092906 2007 09 29 06  288.500   10.250  1006.96
0000021 2007092912 2007 09 29 12  288.250   10.750  1008.33
0000022 2007092718 2007 09 27 18  312.000   13.750  1006.11
0000022 2007092800 2007 09 28 00  311.250   14.500  1007.13
0000022 2007092806 2007 09 28 06  310.500   15.000  1006.12
0000022 2007092812 2007 09 28 12  310.000   15.500  1011.28
0000022 2007092818 2007 09 28 18  309.750   16.000  1008.77
0000022 2007092900 2007 09 29 00  309.000   16.750  1010.49
0000022 2007092906 2007 09 29 06  308.500   16.750  1009.32
0000022 2007092912 2007 09 29 12  308.000   17.000  1011.36
0000022 2007092918 2007 09 29 18  307.750   17.500  1009.97
0000022 2007093000 2007 09 30 00  307.500   17.750  1012.09
0000022 2007093006 2007 09 30 06  307.250   18.250  1010.95
0000022 2007093012 2007 09 30 12  306.750   18.500  1012.03
0000022 2007093018 2007 09 30 18  306.250   18.750  1010.26
0000022 2007100100 2007 10 01 00  306.000   19.000  1016.39
0000022 2007100106 2007 10 01 06  305.500   19.750  1013.91
0000022 2007100112 2007 10 01 12  304.500   20.000  1014.99
0000022 2007100118 2007 10 01 18  303.750   20.250  1013.97
0000022 2007100200 2007 10 02 00  302.750   20.750  1015.55
0000022 2007100206 2007 10 02 06  301.250   21.500  1013.43
0000022 2007100212 2007 10 02 12  300.250   21.500  1014.82
0000022 2007100218 2007 10 02 18  299.000   21.750  1013.23
0000022 2007100300 2007 10 03 00  298.000   21.750  1013.65
0000022 2007100306 2007 10 03 06  297.750   22.000  1011.28
0000022 2007100312 2007 10 03 12  296.500   22.500  1010.43
0000022 2007100318 2007 10 03 18  295.750   23.000  1008.46
0000022 2007100400 2007 10 04 00  294.750   23.250  1008.78
0000022 2007100406 2007 10 04 06  294.000   23.750  1008.40
0000022 2007100412 2007 10 04 12  293.500   23.750  1008.66
0000022 2007100418 2007 10 04 18  293.250   24.000  1009.46
0000022 2007100500 2007 10 05 00  292.500   24.000  1009.09
0000022 2007100506 2007 10 05 06  291.750   23.750  1008.75
0000022 2007100512 2007 10 05 12  291.000   24.000  1008.72
0000022 2007100518 2007 10 05 18  289.500   23.750  1008.08
0000022 2007100600 2007 10 06 00  288.250   23.500  1007.76
0000022 2007100606 2007 10 06 06  286.500   23.500  1007.16
0000022 2007100612 2007 10 06 12  285.000   23.750  1006.98
0000022 2007100618 2007 10 06 18  284.000   23.750  1006.29
0000022 2007100700 2007 10 07 00  282.500   23.750  1005.78
0000022 2007100706 2007 10 07 06  281.000   24.250  1005.93
0000022 2007100712 2007 10 07 12  279.750   24.500  1005.76
0000022 2007100718 2007 10 07 18  278.000   25.000  1007.00
0000022 2007100800 2007 10 08 00  276.250   25.250  1007.34
0000023 2007101200 2007 10 12 00  280.750   22.500  1002.91
0000023 2007101206 2007 10 12 06  281.250   23.000  1002.37
0000023 2007101212 2007 10 12 12  282.000   23.500  1001.80
0000023 2007101218 2007 10 12 18  282.750   24.000  1001.80
0000023 2007101300 2007 10 13 00  282.750   23.500  1003.19
0000023 2007101306 2007 10 13 06  282.750   24.000  1004.24
0000023 2007101312 2007 10 13 12  282.750   24.500  1005.06
0000023 2007101318 2007 10 13 18  282.500   24.250  1006.08
0000023 2007101400 2007 10 14 00  282.750   24.500  1007.17
0000023 2007101406 2007 10 14 06  282.000   24.750  1009.32
0000023 2007101412 2007 10 14 12  280.750   24.000  1010.09
0000024 2007103006 2007 10 30 06  284.500   21.000  1007.10
0000024 2007103012 2007 10 30 12  283.750   21.500  1006.92
0000024 2007103018 2007 10 30 18  283.000   20.500  1005.85
0000024 2007103100 2007 10 31 00  281.750   20.500  1005.56
0000024 2007103106 2007 10 31 06  282.250   22.250  1004.18
0000024 2007103112 2007 10 31 12  282.500   22.750  1003.29
0000024 2007103118 2007 10 31 18  282.000   23.750  1000.06
0000024 2007110100 2007 11 01 00  280.750   23.500   999.61
