0000001 2008060118 2008 06 01 18  288.000    8.750  1009.51
0000001 2008060200 2008 06 02 00  288.000    9.250  1008.73
0000001 2008060206 2008 06 02 06  288.500   10.250  1010.01
0000001 2008060212 2008 06 02 12  288.250   10.000  1010.72
0000001 2008060218 2008 06 02 18  288.000    8.750  1008.27
0000002 2008060300 2008 06 03 00  288.500   11.000  1008.97
0000002 2008060306 2008 06 03 06  288.500    9.750  1010.37
0000002 2008060312 2008 06 03 12  288.250   10.000  1011.14
0000002 2008060318 2008 06 03 18  288.750   10.750  1008.47
0000002 2008060400 2008 06 04 00  288.500   10.000  1007.85
0000002 2008060406 2008 06 04 06  288.250   10.000  1008.73
0000002 2008060412 2008 06 04 12  288.250   10.000  1009.58
0000002 2008060418 2008 06 04 18  288.000    8.750  1007.92
0000002 2008060500 2008 06 05 00  288.750    9.750  1008.29
0000002 2008060506 2008 06 05 06  288.250   10.000  1009.31
0000002 2008060512 2008 06 05 12  288.250   10.000  1009.69
0000002 2008060518 2008 06 05 18  288.750   10.750  1008.31
0000002 2008060600 2008 06 06 00  288.500   10.250  1007.55
0000002 2008060606 2008 06 06 06  288.250   10.000  1009.41
0000002 2008060612 2008 06 06 12  288.750    9.750  1010.30
0000002 2008060618 2008 06 06 18  288.000    8.750  1007.55
0000002 2008060700 2008 06 07 00  288.500   10.500  1006.99
0000002 2008060706 2008 06 07 06  288.000   10.000  1008.84
0000002 2008060712 2008 06 07 12  288.000    9.750  1009.86
0000002 2008060718 2008 06 07 18  288.000    8.750  1007.46
0000002 2008060800 2008 06 08 00  288.500   10.000  1006.87
0000002 2008060806 2008 06 08 06  288.250   10.000  1008.96
0000002 2008060812 2008 06 08 12  288.000   10.000  1010.33
0000002 2008060818 2008 06 08 18  288.000    8.750  1007.45
0000002 2008060900 2008 06 09 00  288.500    9.750  1007.50
0000002 2008060906 2008 06 09 06  288.250   10.000  1008.86
0000002 2008060912 2008 06 09 12  288.250   10.000  1009.88
0000002 2008060918 2008 06 09 18  288.000    8.750  1008.22
0000002 2008061000 2008 06 10 00  288.750    9.750  1008.33
0000002 2008061006 2008 06 10 06  288.250   10.250  1009.85
0000002 2008061012 2008 06 10 12  288.000   10.000  1011.61
0000002 2008061018 2008 06 10 18  288.000    8.750  1009.42
0000002 2008061100 2008 06 11 00  288.000    9.250  1009.40
0000002 2008061106 2008 06 11 06  288.500    9.750  1010.15
0000002 2008061112 2008 06 11 12  288.000    9.750  1010.93
0000002 2008061118 2008 06 11 18  288.000    8.750  1008.23
0000002 2008061200 2008 06 12 00  288.000    9.500  1007.67
0000002 2008061206 2008 06 12 06  288.500   10.000  1008.90
0000002 2008061212 2008 06 12 12  288.000    9.750  1010.14
0000002 2008061218 2008 06 12 18  286.250    9.750  1006.96
0000002 2008061300 2008 06 13 00  285.500   10.750  1006.07
0000002 2008061306 2008 06 13 06  285.250   10.500  1007.69
0000003 2008061300 2008 06 13 00  288.750   10.500  1005.84
0000003 2008061306 2008 06 13 06  288.250   10.000  1006.96
0000003 2008061312 2008 06 13 12  288.000    9.500  1008.99
0000003 2008061318 2008 06 13 18  288.000    8.750  1006.57
0000003 2008061400 2008 06 14 00  288.000    9.750  1005.90
0000003 2008061406 2008 06 14 06  288.500   10.000  1006.41
0000003 2008061412 2008 06 14 12  288.500   10.250  1007.77
0000003 2008061418 2008 06 14 18  287.750    9.750  1005.75
0000003 2008061500 2008 06 15 00  288.750    9.500  1005.85
0000003 2008061506 2008 06 15 06  288.500   11.000  1007.74
0000003 2008061512 2008 06 15 12  288.250   11.000  1008.77
0000003 2008061518 2008 06 15 18  287.750   12.000  1002.78
0000004 2008061618 2008 06 16 18  288.000    8.750  1007.62
0000004 2008061700 2008 06 17 00  288.000    9.250  1007.57
0000004 2008061706 2008 06 17 06  288.500   10.250  1009.33
0000004 2008061712 2008 06 17 12  288.250   10.250  1010.43
0000004 2008061718 2008 06 17 18  288.000    8.750  1008.11
0000004 2008061800 2008 06 18 00  288.500    9.500  1007.18
0000004 2008061806 2008 06 18 06  288.250   10.250  1008.12
0000004 2008061812 2008 06 18 12  288.250   10.250  1009.56
0000004 2008061818 2008 06 18 18  287.500    9.250  1007.72
0000005 2008061900 2008 06 19 00  288.750   10.750  1006.88
0000005 2008061906 2008 06 19 06  288.250   10.250  1008.44
0000005 2008061912 2008 06 19 12  288.250   10.000  1010.52
0000005 2008061918 2008 06 19 18  287.500    9.500  1008.55
0000005 2008062000 2008 06 20 00  288.250    9.250  1007.59
0000005 2008062006 2008 06 20 06  288.250   10.000  1009.07
0000006 2008062100 2008 06 21 00  288.750    9.750  1007.22
0000006 2008062106 2008 06 21 06  288.250    9.750  1008.74
0000006 2008062112 2008 06 21 12  288.000    9.750  1010.27
0000006 2008062118 2008 06 21 18  288.750   10.500  1007.45
0000006 2008062200 2008 06 22 00  288.500   10.250  1006.55
0000007 2008070300 2008 07 03 00  288.000    9.000  1009.64
0000007 2008070306 2008 07 03 06  288.750    9.750  1011.43
0000007 2008070312 2008 07 03 12  288.250   10.000  1011.55
0000007 2008070318 2008 07 03 18  287.750    9.000  1009.59
0000007 2008070400 2008 07 04 00  288.750    9.750  1010.47
0000007 2008070406 2008 07 04 06  288.500    9.750  1011.80
0000007 2008070412 2008 07 04 12  288.250   10.000  1011.76
0000007 2008070418 2008 07 04 18  288.000    9.000  1009.53
0000007 2008070500 2008 07 05 00  288.500    9.500  1008.76
0000007 2008070506 2008 07 05 06  288.250   10.000  1010.36
0000007 2008070512 2008 07 05 12  288.000   10.000  1011.14
0000007 2008070518 2008 07 05 18  288.000    8.750  1008.69
0000007 2008070600 2008 07 06 00  287.750    9.250  1008.93
0000007 2008070606 2008 07 06 06  288.250    9.750  1010.27
0000007 2008070612 2008 07 06 12  288.250    9.750  1010.85
0000007 2008070618 2008 07 06 18  287.750    9.250  1009.39
0000007 2008070700 2008 07 07 00  288.000    9.750  1009.90
0000007 2008070706 2008 07 07 06  288.250   10.000  1010.60
0000007 2008070712 2008 07 07 12  288.250    9.750  1011.24
0000007 2008070718 2008 07 07 18  288.000    8.750  1008.28
0000007 2008070800 2008 07 08 00  288.500   10.250  1007.32
0000007 2008070806 2008 07 08 06  288.250    9.750  1008.97
0000007 2008070812 2008 07 08 12  288.000    9.500  1010.17
0000007 2008070818 2008 07 08 18  286.250    9.750  1006.84
0000007 2008070900 2008 07 09 00  285.500   10.750  1007.52
0000007 2008070906 2008 07 09 06  285.500   10.750  1008.59
0000007 2008070912 2008 07 09 12  284.000   10.250  1009.79
0000008 2008070700 2008 07 07 00  312.500   17.750  1013.55
0000008 2008070706 2008 07 07 06  310.750   17.750  1011.95
0000008 2008070712 2008 07 07 12  309.500   18.000  1013.36
0000008 2008070718 2008 07 07 18  308.500   19.500  1011.95
0000008 2008070800 2008 07 08 00  307.250   19.500  1011.70
0000008 2008070806 2008 07 08 06  306.000   20.250  1010.52
0000008 2008070812 2008 07 08 12  305.000   20.750  1012.43
0000008 2008070818 2008 07 08 18  303.750   21.250  1012.23
0000008 2008070900 2008 07 09 00  303.000   21.500  1013.58
0000008 2008070906 2008 07 09 06  301.750   21.750  1012.45
0000008 2008070912 2008 07 09 12  300.750   22.500  1014.86
0000008 2008070918 2008 07 09 18  299.750   23.000  1014.43
0000008 2008071000 2008 07 10 00  299.250   22.750  1015.34
0000008 2008071006 2008 07 10 06  299.000   23.500  1014.47
0000008 2008071012 2008 07 10 12  299.750   24.750  1014.37
0000009 2008070900 2008 07 09 00  288.250    9.250  1007.42
0000009 2008070906 2008 07 09 06  288.500   10.000  1008.17
0000009 2008070912 2008 07 09 12  288.250   10.250  1009.37
0000009 2008070918 2008 07 09 18  287.750    9.500  1007.35
0000009 2008071000 2008 07 10 00  288.750    9.500  1008.58
0000009 2008071006 2008 07 10 06  288.500   10.000  1010.37
0000009 2008071012 2008 07 10 12  288.250   10.000  1011.45
0000009 2008071018 2008 07 10 18  287.750    9.250  1009.55
0000009 2008071100 2008 07 11 00  288.000    9.250  1010.61
0000009 2008071106 2008 07 11 06  288.750    9.750  1012.09
0000009 2008071112 2008 07 11 12  288.250   10.000  1012.71
0000010 2008071300 2008 07 13 00  288.500   10.250  1009.04
0000010 2008071306 2008 07 13 06  288.000    9.750  1010.17
0000010 2008071312 2008 07 13 12  288.000    9.750  1011.28
0000010 2008071318 2008 07 13 18  287.500    9.500  1009.07
0000010 2008071400 2008 07 14 00  288.500    9.750  1008.70
0000010 2008071406 2008 07 14 06  288.250    9.750  1009.92
0000010 2008071412 2008 07 14 12  288.000    9.500  1011.08
0000010 2008071418 2008 07 14 18  286.500    9.750  1007.99
0000011 2008071500 2008 07 15 00  288.750    9.750  1007.43
0000011 2008071506 2008 07 15 06  288.500    9.750  1009.25
0000011 2008071512 2008 07 15 12  288.250    9.750  1010.32
0000011 2008071518 2008 07 15 18  287.750    9.250  1008.62
0000011 2008071600 2008 07 16 00  288.500    9.750  1010.73
0000011 2008071606 2008 07 16 06  289.000   11.250  1008.42
0000012 2008071700 2008 07 17 00  297.750   14.250  1009.23
0000012 2008071706 2008 07 17 06  296.250   13.750  1007.83
0000012 2008071712 2008 07 17 12  295.000   13.750  1007.81
0000012 2008071718 2008 07 17 18  294.500   13.750  1006.89
0000012 2008071800 2008 07 18 00  294.250   14.500  1005.56
0000012 2008071806 2008 07 18 06  292.750   15.000  1005.89
0000013 2008080900 2008 08 09 00  288.500    9.500  1005.88
0000013 2008080906 2008 08 09 06  288.500   10.000  1008.02
0000013 2008080912 2008 08 09 12  288.500   10.000  1008.83
0000013 2008080918 2008 08 09 18  287.750    9.250  1006.59
0000013 2008081000 2008 08 10 00  288.750    9.750  1007.97
0000013 2008081006 2008 08 10 06  288.500   10.000  1009.09
0000013 2008081012 2008 08 10 12  288.250   10.000  1009.73
0000014 2008081100 2008 08 11 00  288.750    9.750  1007.48
0000014 2008081106 2008 08 11 06  288.500   10.250  1009.36
0000014 2008081112 2008 08 11 12  288.000   10.000  1010.75
0000014 2008081118 2008 08 11 18  287.750    9.500  1008.38
0000014 2008081200 2008 08 12 00  288.250    9.250  1008.84
0000014 2008081206 2008 08 12 06  288.500   10.000  1010.58
0000014 2008081212 2008 08 12 12  288.250   10.000  1010.97
0000014 2008081218 2008 08 12 18  288.000    8.750  1007.82
0000014 2008081300 2008 08 13 00  288.750    9.750  1007.60
0000014 2008081306 2008 08 13 06  288.750    9.750  1009.01
0000014 2008081312 2008 08 13 12  288.500    9.750  1010.10
0000014 2008081318 2008 08 13 18  287.750    9.000  1008.05
0000014 2008081400 2008 08 14 00  288.000    9.250  1008.14
0000014 2008081406 2008 08 14 06  288.750    9.750  1010.30
0000014 2008081412 2008 08 14 12  288.500    9.750  1010.42
0000014 2008081418 2008 08 14 18  287.750    9.250  1008.12
0000014 2008081500 2008 08 15 00  288.000    9.000  1008.87
0000014 2008081506 2008 08 15 06  288.500   10.000  1011.41
0000014 2008081512 2008 08 15 12  288.500   10.000  1011.73
0000014 2008081518 2008 08 15 18  287.750    9.000  1008.45
0000014 2008081600 2008 08 16 00  288.750    9.500  1009.14
0000014 2008081606 2008 08 16 06  288.750    9.750  1007.71
0000015 2008081600 2008 08 16 00  308.000   15.000  1011.54
0000015 2008081606 2008 08 16 06  307.750   15.750  1006.54
0000015 2008081612 2008 08 16 12  306.750   15.500  1007.61
0000015 2008081618 2008 08 16 18  306.250   17.000  1006.38
0000015 2008081700 2008 08 17 00  305.500   18.250  1007.26
0000015 2008081706 2008 08 17 06  304.500   19.500  1006.39
0000015 2008081712 2008 08 17 12  303.750   20.250  1007.57
0000015 2008081718 2008 08 17 18  303.250   22.000  1007.17
0000015 2008081800 2008 08 18 00  302.750   23.750  1008.62
0000015 2008081806 2008 08 18 06  302.000   24.750  1008.42
0000015 2008081812 2008 08 18 12  300.500   24.750  1009.51
0000015 2008081818 2008 08 18 18  299.000   25.000  1010.18
0000015 2008081900 2008 08 19 00  297.250   24.500  1011.19
0000015 2008081906 2008 08 19 06  296.000   24.500  1010.53
0000015 2008081912 2008 08 19 12  295.000   24.500  1011.75
0000015 2008081918 2008 08 19 18  294.000   25.000  1011.80
0000015 2008082000 2008 08 20 00  293.000   25.000  1012.08
0000015 2008082006 2008 08 20 06  292.000   25.000  1012.24
0000015 2008082012 2008 08 20 12  290.750   24.750  1012.84
0000015 2008082018 2008 08 20 18  289.500   24.750  1012.80
0000015 2008082100 2008 08 21 00  288.250   24.750  1013.21
0000015 2008082106 2008 08 21 06  286.750   25.000  1013.67
0000015 2008082112 2008 08 21 12  285.500   25.250  1014.06
0000015 2008082118 2008 08 21 18  284.500   26.000  1015.08
0000016 2008081518 2008 08 15 18  283.000   17.750  1014.23
0000016 2008081600 2008 08 16 00  284.750   17.750  1012.78
0000016 2008081606 2008 08 16 06  284.500   18.250  1009.23
0000016 2008081612 2008 08 16 12  283.000   18.750  1008.59
0000016 2008081618 2008 08 16 18  283.000   19.000  1007.01
0000016 2008081700 2008 08 17 00  281.500   19.000  1004.98
0000016 2008081706 2008 08 17 06  279.750   18.500  1004.41
0000016 2008081712 2008 08 17 12  278.750   18.250  1002.65
0000016 2008081718 2008 08 17 18  277.750   17.750  1002.43
0000016 2008081800 2008 08 18 00  277.500   17.250   999.91
0000016 2008081806 2008 08 18 06  277.750   16.750  1001.52
0000016 2008081812 2008 08 18 12  278.000   16.500  1002.04
0000016 2008081818 2008 08 18 18  278.250   16.500  1002.83
0000016 2008081900 2008 08 19 00  278.500   17.250  1003.04
0000016 2008081906 2008 08 19 06  278.250   18.000  1003.65
0000016 2008081912 2008 08 19 12  277.750   19.000  1003.41
0000016 2008081918 2008 08 19 18  277.750   19.750  1004.94
0000016 2008082000 2008 08 20 00  277.500   20.000  1003.93
0000016 2008082006 2008 08 20 06  277.250   20.000  1005.29
0000016 2008082012 2008 08 20 12  276.750   20.000  1005.58
0000016 2008082018 2008 08 20 18  277.250   19.500  1005.93
0000016 2008082100 2008 08 21 00  277.000   20.000  1004.91
0000016 2008082106 2008 08 21 06  276.250   19.750  1006.16
0000016 2008082112 2008 08 21 12  276.000   19.250  1005.25
0000016 2008082118 2008 08 21 18  275.500   18.750  1007.45
0000016 2008082200 2008 08 22 00  275.250   18.000  1008.08
0000017 2008082518 2008 08 25 18  287.000   19.250  1009.18
0000017 2008082600 2008 08 26 00  286.500   18.750  1009.19
0000017 2008082606 2008 08 26 06  287.000   17.500  1009.24
0000017 2008082612 2008 08 26 12  286.500   17.500  1007.65
0000017 2008082618 2008 08 26 18  286.000   18.000  1007.11
0000017 2008082700 2008 08 27 00  286.000   18.250  1006.63
0000017 2008082706 2008 08 27 06  285.500   18.250  1006.58
0000017 2008082712 2008 08 27 12  285.500   19.000  1004.95
0000017 2008082718 2008 08 27 18  284.500   19.000  1004.52
0000017 2008082800 2008 08 28 00  284.500   19.000  1000.22
0000017 2008082806 2008 08 28 06  283.500   18.750   999.46
0000017 2008082812 2008 08 28 12  283.000   18.500   999.07
0000017 2008082818 2008 08 28 18  282.250   17.750   996.55
0000017 2008082900 2008 08 29 00  282.000   17.750   991.49
0000017 2008082906 2008 08 29 06  281.750   18.000   991.57
0000017 2008082912 2008 08 29 12  280.500   18.000   990.06
0000017 2008082918 2008 08 29 18  280.250   18.250   986.27
0000017 2008083000 2008 08 30 00  279.500   18.500   980.84
0000017 2008083006 2008 08 30 06  278.750   19.000   980.45
0000017 2008083012 2008 08 30 12  278.000   19.750   979.08
0000017 2008083018 2008 08 30 18  277.500   20.500   976.17
0000017 2008083100 2008 08 31 00  277.250   21.000   977.96
0000017 2008083106 2008 08 31 06  277.000   22.250   979.84
0000018 2008082912 2008 08 29 12  296.500   20.000  1011.12
0000018 2008082918 2008 08 29 18  296.250   20.750  1010.61
0000018 2008083000 2008 08 30 00  294.750   21.250  1010.82
0000018 2008083006 2008 08 30 06  293.500   21.500  1010.27
0000018 2008083012 2008 08 30 12  292.500   22.000  1009.49
0000018 2008083018 2008 08 30 18  292.500   22.000  1007.71
0000018 2008083100 2008 08 31 00  291.500   22.500  1007.61
0000018 2008083106 2008 08 31 06  291.000   22.500  1006.61
0000018 2008083112 2008 08 31 12  290.750   23.500  1004.94
0000018 2008083118 2008 08 31 18  289.500   24.000  1004.48
0000018 2008090100 2008 09 01 00  288.750   24.250  1006.20
0000018 2008090106 2008 09 01 06  287.750   24.250  1004.94
0000018 2008090112 2008 09 01 12  287.250   24.500  1004.71
0000018 2008090118 2008 09 01 18  286.000   23.750  1003.88
0000018 2008090200 2008 09 02 00  285.500   22.500  1001.23
0000018 2008090206 2008 09 02 06  285.000   22.000   999.88
0000018 2008090212 2008 09 02 12  285.000   21.500   997.99
0000018 2008090218 2008 09 02 18  284.750   21.000   996.79
0000018 2008090300 2008 09 03 00  285.000   20.750   991.59
0000018 2008090306 2008 09 03 06  284.750   20.000   994.36
0000018 2008090312 2008 09 03 12  284.750   20.000   993.74
0000018 2008090318 2008 09 03 18  284.750   20.250   994.46
0000018 2008090400 2008 09 04 00  284.750   20.750   993.75
0000018 2008090406 2008 09 04 06  284.500   21.000   992.86
0000018 2008090412 2008 09 04 12  284.500   21.500   992.97
0000018 2008090418 2008 09 04 18  284.500   22.500   994.14
0000018 2008090500 2008 09 05 00  284.750   24.250   993.41
0000019 2008090406 2008 09 04 06  304.000   22.500   993.60
0000019 2008090412 2008 09 04 12  302.500   23.250   994.65
0000019 2008090418 2008 09 04 18  300.750   23.750   993.62
0000019 2008090500 2008 09 05 00  299.250   24.250   994.03
0000019 2008090506 2008 09 05 06  297.500   24.250   994.40
0000019 2008090512 2008 09 05 12  295.750   24.250   995.17
0000019 2008090518 2008 09 05 18  294.250   24.000   994.32
0000019 2008090600 2008 09 06 00  292.500   23.500   995.26
0000019 2008090606 2008 09 06 06  291.000   22.750   996.16
0000019 2008090612 2008 09 06 12  289.500   22.500   995.22
0000019 2008090618 2008 09 06 18  288.250   22.000   995.02
0000019 2008090700 2008 09 07 00  287.000   21.250   995.09
0000019 2008090706 2008 09 07 06  285.750   20.250   997.29
0000019 2008090712 2008 09 07 12  285.000   19.750   994.86
0000019 2008090718 2008 09 07 18  284.250   19.500   994.71
0000019 2008090800 2008 09 08 00  283.500   19.750   994.33
0000019 2008090806 2008 09 08 06  282.500   19.250   994.25
0000019 2008090812 2008 09 08 12  281.000   20.000   993.77
0000019 2008090818 2008 09 08 18  280.000   20.250   990.94
0000019 2008090900 2008 09 09 00  279.250   20.000   988.87
0000019 2008090906 2008 09 09 06  278.500   20.750   985.02
0000019 2008090912 2008 09 09 12  277.500   21.250   978.08
0000019 2008090918 2008 09 09 18  277.500   21.500   979.18
0000019 2008091000 2008 09 10 00  277.000   22.500   977.24
0000019 2008091006 2008 09 10 06  276.250   23.500   971.02
0000020 2008090918 2008 09 09 18  288.000    8.750  1007.79
0000020 2008091000 2008 09 10 00  288.500    9.500  1007.51
0000020 2008091006 2008 09 10 06  288.750    9.750  1010.36
0000020 2008091012 2008 09 10 12  288.500   10.000  1010.99
0000020 2008091018 2008 09 10 18  288.000    8.750  1008.23
0000020 2008091100 2008 09 11 00  288.500   10.000  1007.83
0000020 2008091106 2008 09 11 06  288.250   10.000  1010.36
0000020 2008091112 2008 09 11 12  288.000   10.000  1011.62
0000020 2008091118 2008 09 11 18  287.750    8.750  1008.35
0000020 2008091200 2008 09 12 00  288.750   10.000  1007.36
0000020 2008091206 2008 09 12 06  288.500    9.750  1008.60
0000020 2008091212 2008 09 12 12  288.250    9.750  1009.44
0000020 2008091218 2008 09 12 18  288.000    8.750  1006.56
0000020 2008091300 2008 09 13 00  288.750    9.750  1005.73
0000020 2008091306 2008 09 13 06  288.500   10.000  1006.87
0000020 2008091312 2008 09 13 12  288.250   10.000  1007.16
0000020 2008091318 2008 09 13 18  288.000    8.750  1004.88
0000020 2008091400 2008 09 14 00  288.500    9.750  1004.77
0000020 2008091406 2008 09 14 06  288.250   10.250  1006.30
0000020 2008091412 2008 09 14 12  288.000   10.000  1007.50
0000020 2008091418 2008 09 14 18  288.000    8.750  1004.41
0000020 2008091500 2008 09 15 00  288.500   10.000  1005.40
0000020 2008091506 2008 09 15 06  288.250   10.500  1007.48
0000020 2008091512 2008 09 15 12  288.250   10.750  1008.52
0000020 2008091518 2008 09 15 18  288.000   10.250  1002.26
0000020 2008091600 2008 09 16 00  288.750    9.500  1005.09
0000020 2008091606 2008 09 16 06  288.750    9.750  1008.17
0000021 2008101612 2008 10 16 12  278.250   16.250  1006.25
0000021 2008101618 2008 10 16 18  277.750   16.500  1006.42
0000021 2008101700 2008 10 17 00  276.000   16.250  1004.98
0000021 2008101706 2008 10 17 06  276.250   16.250  1006.42
0000021 2008101712 2008 10 17 12  276.000   17.000  1007.37
0000021 2008101718 2008 10 17 18  275.750   17.000  1008.13
0000021 2008101800 2008 10 18 00  275.500   17.000  1008.23
0000021 2008101806 2008 10 18 06  275.500   17.250  1009.78
0000021 2008101812 2008 10 18 12  276.000   17.500  1009.77
0000021 2008101818 2008 10 18 18  276.250   17.750  1010.49
0000021 2008101900 2008 10 19 00  276.750   17.750  1010.17
0000021 2008101906 2008 10 19 06  276.750   17.250  1010.92
0000021 2008101912 2008 10 19 12  277.250   17.750  1010.36
0000021 2008101918 2008 10 19 18  277.750   17.750  1010.12
0000022 2008102000 2008 10 20 00  279.250   19.250  1010.11
0000022 2008102006 2008 10 20 06  277.750   18.500  1010.95
0000022 2008102012 2008 10 20 12  276.750   19.000  1009.79
0000022 2008102018 2008 10 20 18  276.250   18.250  1009.24
0000022 2008102100 2008 10 21 00  275.750   18.750  1008.36
