0000001 1980060106 1980 06 01 06  288.500   10.000  1009.18
0000001 1980060112 1980 06 01 12  288.250    9.750  1009.64
0000001 1980060118 1980 06 01 18  288.000    8.750  1008.52
0000001 1980060200 1980 06 02 00  288.750    9.750  1008.10
0000001 1980060206 1980 06 02 06  288.500   10.000  1009.21
0000001 1980060212 1980 06 02 12  288.000   10.000  1010.39
0000001 1980060218 1980 06 02 18  288.750   10.750  1008.82
0000001 1980060300 1980 06 03 00  288.750   10.750  1007.92
0000001 1980060306 1980 06 03 06  288.250   10.000  1009.80
0000001 1980060312 1980 06 03 12  288.250   10.000  1010.87
0000001 1980060318 1980 06 03 18  288.000    8.750  1008.81
0000001 1980060400 1980 06 04 00  288.750    9.750  1007.09
0000001 1980060406 1980 06 04 06  288.250   10.000  1008.65
0000001 1980060412 1980 06 04 12  288.250   10.000  1009.58
0000002 1980060600 1980 06 06 00  288.750    9.750  1006.43
0000002 1980060606 1980 06 06 06  288.250   10.000  1007.19
0000002 1980060612 1980 06 06 12  288.250   10.000  1008.02
0000002 1980060618 1980 06 06 18  287.750    9.250  1006.24
0000002 1980060700 1980 06 07 00  288.250    9.250  1006.47
0000002 1980060706 1980 06 07 06  288.250   10.250  1008.38
0000002 1980060712 1980 06 07 12  288.500    9.750  1008.87
0000003 1980060900 1980 06 09 00  288.250    9.750  1004.06
0000003 1980060906 1980 06 09 06  288.250   10.250  1005.57
0000003 1980060912 1980 06 09 12  288.250   10.000  1006.67
0000003 1980060918 1980 06 09 18  288.000    9.000  1004.72
0000003 1980061000 1980 06 10 00  288.500   10.000  1004.02
0000003 1980061006 1980 06 10 06  288.250   10.000  1005.95
0000003 1980061012 1980 06 10 12  288.250   10.000  1007.34
0000003 1980061018 1980 06 10 18  287.750    9.000  1006.08
0000003 1980061100 1980 06 11 00  288.750    9.750  1006.02
0000003 1980061106 1980 06 11 06  288.250   10.250  1008.29
0000003 1980061112 1980 06 11 12  288.250   10.000  1010.04
0000003 1980061118 1980 06 11 18  287.750    9.500  1008.10
0000003 1980061200 1980 06 12 00  288.000    9.750  1007.41
0000003 1980061206 1980 06 12 06  288.250   10.250  1008.85
0000003 1980061212 1980 06 12 12  288.250   10.000  1010.18
0000003 1980061218 1980 06 12 18  287.750    9.500  1008.35
0000003 1980061300 1980 06 13 00  288.500   10.250  1007.58
0000003 1980061306 1980 06 13 06  288.250   10.500  1008.60
0000003 1980061312 1980 06 13 12  288.250   10.000  1009.72
0000003 1980061318 1980 06 13 18  288.000    9.000  1007.51
0000004 1980061506 1980 06 15 06  288.750    9.750  1007.90
0000004 1980061512 1980 06 15 12  288.500   10.000  1008.86
0000004 1980061518 1980 06 15 18  288.750   10.750  1003.65
0000004 1980061600 1980 06 16 00  288.750    9.750  1004.15
0000004 1980061606 1980 06 16 06  288.750   11.250  1006.69
0000004 1980061612 1980 06 16 12  288.750    9.750  1007.87
0000004 1980061618 1980 06 16 18  287.750    9.000  1006.89
0000004 1980061700 1980 06 17 00  288.250    9.500  1006.91
0000004 1980061706 1980 06 17 06  288.750   11.000  1008.47
0000004 1980061712 1980 06 17 12  288.250   11.000  1009.23
0000004 1980061718 1980 06 17 18  287.750    9.250  1007.32
0000004 1980061800 1980 06 18 00  288.250    9.750  1007.26
0000004 1980061806 1980 06 18 06  288.750   11.000  1008.46
0000004 1980061812 1980 06 18 12  288.250   11.250  1008.76
0000005 1980063006 1980 06 30 06  275.500    9.250  1009.67
0000005 1980063012 1980 06 30 12  275.750    8.500  1010.08
0000005 1980063018 1980 06 30 18  275.250    9.250  1011.31
0000005 1980070100 1980 07 01 00  276.000    9.000  1010.55
0000005 1980070106 1980 07 01 06  277.500    8.250  1011.11
0000006 1980071400 1980 07 14 00  288.500   10.000  1006.93
0000006 1980071406 1980 07 14 06  288.250   10.000  1008.60
0000006 1980071412 1980 07 14 12  288.000   10.000  1009.63
0000006 1980071418 1980 07 14 18  286.250    9.500  1007.08
0000006 1980071500 1980 07 15 00  285.500    9.250  1006.87
0000006 1980071506 1980 07 15 06  284.250   10.250  1009.55
0000006 1980071512 1980 07 15 12  282.750    9.750  1009.31
0000007 1980071600 1980 07 16 00  288.250    9.500  1007.80
0000007 1980071606 1980 07 16 06  288.250   10.250  1006.05
0000007 1980071612 1980 07 16 12  288.250   11.000  1007.87
0000007 1980071618 1980 07 16 18  287.750    9.250  1006.76
0000007 1980071700 1980 07 17 00  287.750    9.500  1005.78
0000007 1980071706 1980 07 17 06  288.750   10.750  1008.08
0000007 1980071712 1980 07 17 12  288.500   10.750  1008.87
0000007 1980071718 1980 07 17 18  287.750    9.250  1007.29
0000008 1980072100 1980 07 21 00  288.750    9.750  1005.34
0000008 1980072106 1980 07 21 06  288.250   10.250  1007.05
0000008 1980072112 1980 07 21 12  288.500    9.750  1008.10
0000008 1980072118 1980 07 21 18  287.750    9.250  1006.38
0000008 1980072200 1980 07 22 00  288.500   10.000  1006.72
0000008 1980072206 1980 07 22 06  288.250   10.000  1008.36
0000008 1980072212 1980 07 22 12  288.500   10.000  1009.55
0000008 1980072218 1980 07 22 18  287.750    9.250  1007.89
0000008 1980072300 1980 07 23 00  288.250    9.250  1007.99
0000008 1980072306 1980 07 23 06  288.250   10.250  1009.01
0000008 1980072312 1980 07 23 12  288.250   10.250  1010.00
0000008 1980072318 1980 07 23 18  287.750    9.250  1008.18
0000008 1980072400 1980 07 24 00  288.250    9.250  1008.63
0000008 1980072406 1980 07 24 06  288.750    9.750  1010.27
0000008 1980072412 1980 07 24 12  288.250   10.250  1011.01
0000008 1980072418 1980 07 24 18  287.750    9.250  1009.51
0000008 1980072500 1980 07 25 00  288.250    9.750  1009.33
0000008 1980072506 1980 07 25 06  288.500    9.750  1011.30
0000008 1980072512 1980 07 25 12  288.250   10.000  1012.05
0000009 1980072800 1980 07 28 00  288.750   10.750  1005.07
0000009 1980072806 1980 07 28 06  288.250   10.500  1007.64
0000009 1980072812 1980 07 28 12  288.500   10.000  1008.40
0000009 1980072818 1980 07 28 18  287.750    9.000  1007.54
0000009 1980072900 1980 07 29 00  288.750    9.750  1007.21
0000009 1980072906 1980 07 29 06  288.250   10.250  1009.62
0000009 1980072912 1980 07 29 12  288.500   10.000  1009.65
0000010 1980080200 1980 08 02 00  287.750    9.500  1009.37
0000010 1980080206 1980 08 02 06  288.500   10.000  1010.93
0000010 1980080212 1980 08 02 12  288.250    9.750  1011.83
0000010 1980080218 1980 08 02 18  287.750    9.000  1010.25
0000010 1980080300 1980 08 03 00  288.750    9.750  1009.59
0000010 1980080306 1980 08 03 06  288.500    9.750  1010.36
0000010 1980080312 1980 08 03 12  288.250    9.750  1010.77
0000011 1980080500 1980 08 05 00  288.750    9.750  1006.04
0000011 1980080506 1980 08 05 06  288.750    9.750  1008.33
0000011 1980080512 1980 08 05 12  288.500    9.750  1008.54
0000011 1980080518 1980 08 05 18  287.750    8.750  1005.78
0000011 1980080600 1980 08 06 00  287.750    9.500  1005.57
0000011 1980080606 1980 08 06 06  288.750    9.750  1008.34
0000011 1980080612 1980 08 06 12  288.500    9.750  1009.03
0000011 1980080618 1980 08 06 18  288.000    8.750  1007.32
0000011 1980080700 1980 08 07 00  287.750    9.750  1006.17
0000011 1980080706 1980 08 07 06  288.500   10.000  1008.30
0000011 1980080712 1980 08 07 12  288.500    9.750  1009.13
0000011 1980080718 1980 08 07 18  287.750    9.000  1006.99
0000011 1980080800 1980 08 08 00  288.500   10.000  1006.22
0000011 1980080806 1980 08 08 06  288.750    9.750  1008.52
0000011 1980080812 1980 08 08 12  288.250   10.000  1009.33
0000011 1980080818 1980 08 08 18  287.750    9.000  1007.20
0000011 1980080900 1980 08 09 00  288.250   10.000  1007.21
0000011 1980080906 1980 08 09 06  288.500   10.750  1009.49
0000011 1980080912 1980 08 09 12  288.250   10.250  1009.62
0000011 1980080918 1980 08 09 18  287.750    8.750  1007.89
0000011 1980081000 1980 08 10 00  288.000    9.000  1007.84
0000011 1980081006 1980 08 10 06  288.500   10.250  1009.53
0000011 1980081012 1980 08 10 12  288.500   10.000  1009.84
0000011 1980081018 1980 08 10 18  287.750    8.750  1008.22
0000012 1980081618 1980 08 16 18  304.500   14.750  1012.08
0000012 1980081700 1980 08 17 00  303.000   15.250  1012.61
0000012 1980081706 1980 08 17 06  302.500   16.000  1011.62
0000012 1980081712 1980 08 17 12  301.250   16.250  1012.57
0000012 1980081718 1980 08 17 18  301.250   16.750  1011.72
0000012 1980081800 1980 08 18 00  300.500   17.250  1012.03
0000012 1980081806 1980 08 18 06  299.750   17.500  1010.78
0000012 1980081812 1980 08 18 12  298.750   18.000  1010.74
0000012 1980081818 1980 08 18 18  298.000   18.750  1010.72
0000012 1980081900 1980 08 19 00  297.500   19.500  1010.19
0000012 1980081906 1980 08 19 06  296.500   20.000  1009.90
0000012 1980081912 1980 08 19 12  295.500   20.000  1010.08
0000012 1980081918 1980 08 19 18  295.500   21.250  1009.69
0000012 1980082000 1980 08 20 00  294.750   21.000  1009.25
0000012 1980082006 1980 08 20 06  294.750   21.500  1009.23
0000012 1980082012 1980 08 20 12  295.000   22.250  1008.51
0000012 1980082018 1980 08 20 18  294.500   23.000  1006.93
0000012 1980082100 1980 08 21 00  295.250   23.250  1007.27
0000012 1980082106 1980 08 21 06  295.500   24.500  1005.88
0000012 1980082112 1980 08 21 12  296.000   25.250  1006.19
0000012 1980082118 1980 08 21 18  296.750   26.000  1005.61
0000012 1980082200 1980 08 22 00  298.000   26.250  1009.25
0000013 1980082900 1980 08 29 00  288.500   10.250  1009.09
0000013 1980082906 1980 08 29 06  288.250   10.250  1010.42
0000013 1980082912 1980 08 29 12  288.250   10.000  1011.35
0000013 1980082918 1980 08 29 18  287.750    9.500  1009.72
0000013 1980083000 1980 08 30 00  288.250   10.000  1009.46
0000013 1980083006 1980 08 30 06  288.500   11.000  1011.86
0000013 1980083012 1980 08 30 12  288.250   11.000  1012.08
0000014 1980090200 1980 09 02 00  288.500   10.250  1008.64
0000014 1980090206 1980 09 02 06  288.250    9.750  1009.38
0000014 1980090212 1980 09 02 12  288.250    9.750  1010.23
0000014 1980090218 1980 09 02 18  288.000    9.000  1008.02
0000014 1980090300 1980 09 03 00  288.750   10.250  1008.05
0000014 1980090306 1980 09 03 06  288.500   10.250  1008.72
0000014 1980090312 1980 09 03 12  288.250   10.000  1009.46
0000014 1980090318 1980 09 03 18  287.750    9.000  1007.65
0000014 1980090400 1980 09 04 00  288.500    9.500  1007.94
0000014 1980090406 1980 09 04 06  288.500   10.000  1009.20
0000014 1980090412 1980 09 04 12  288.250   10.000  1009.33
0000014 1980090418 1980 09 04 18  288.000    9.000  1007.66
0000014 1980090500 1980 09 05 00  288.750   10.000  1006.95
0000014 1980090506 1980 09 05 06  288.500   10.500  1008.17
0000014 1980090512 1980 09 05 12  288.250   10.000  1009.27
0000015 1980090800 1980 09 08 00  288.750   10.750  1006.20
0000015 1980090806 1980 09 08 06  288.250   10.250  1007.69
0000015 1980090812 1980 09 08 12  288.250   10.000  1008.52
0000015 1980090818 1980 09 08 18  288.000    9.000  1006.61
0000015 1980090900 1980 09 09 00  288.250    9.250  1006.02
0000015 1980090906 1980 09 09 06  288.500   10.500  1007.66
0000015 1980090912 1980 09 09 12  288.250   10.250  1008.86
0000016 1980091200 1980 09 12 00  288.750   10.750  1005.41
0000016 1980091206 1980 09 12 06  288.250   10.250  1006.86
0000016 1980091212 1980 09 12 12  288.500   10.000  1008.47
0000016 1980091218 1980 09 12 18  287.750    9.000  1006.28
0000016 1980091300 1980 09 13 00  288.500   10.250  1006.27
0000016 1980091306 1980 09 13 06  288.250   10.250  1007.74
0000016 1980091312 1980 09 13 12  288.250   10.250  1009.35
0000016 1980091318 1980 09 13 18  287.750    9.250  1006.49
0000016 1980091400 1980 09 14 00  288.250    9.500  1006.76
0000016 1980091406 1980 09 14 06  288.250   10.250  1008.50
0000016 1980091412 1980 09 14 12  288.500   10.000  1008.49
0000017 1980091500 1980 09 15 00  288.000    9.750  1005.24
0000017 1980091506 1980 09 15 06  288.500   10.250  1007.02
0000017 1980091512 1980 09 15 12  288.500   10.000  1007.27
0000017 1980091518 1980 09 15 18  288.000    9.000  1001.75
0000017 1980091600 1980 09 16 00  288.250    9.250  1002.78
0000018 1980091512 1980 09 15 12  308.750   23.500  1009.15
0000018 1980091518 1980 09 15 18  308.250   23.750  1004.36
0000018 1980091600 1980 09 16 00  308.750   25.000  1007.05
0000018 1980091606 1980 09 16 06  308.750   26.000  1007.20
0000018 1980091612 1980 09 16 12  309.250   26.500  1015.20
0000019 1980092600 1980 09 26 00  288.750   10.750  1005.63
0000019 1980092606 1980 09 26 06  288.250   10.250  1007.12
0000019 1980092612 1980 09 26 12  288.500    9.750  1009.57
0000019 1980092618 1980 09 26 18  287.750    9.000  1007.51
0000019 1980092700 1980 09 27 00  288.250    9.750  1007.33
0000019 1980092706 1980 09 27 06  288.500   10.500  1010.23
0000019 1980092712 1980 09 27 12  288.250   10.250  1010.44
0000019 1980092718 1980 09 27 18  287.750    8.750  1008.15
0000019 1980092800 1980 09 28 00  288.000    9.750  1008.12
0000019 1980092806 1980 09 28 06  288.500    9.750  1009.88
0000019 1980092812 1980 09 28 12  288.750   10.000  1010.85
0000019 1980092818 1980 09 28 18  288.000    8.750  1008.72
0000019 1980092900 1980 09 29 00  287.750    9.000  1007.72
0000019 1980092906 1980 09 29 06  288.250    9.750  1009.24
0000019 1980092912 1980 09 29 12  288.500    9.750  1009.95
0000019 1980092918 1980 09 29 18  287.750    8.750  1007.73
0000019 1980093000 1980 09 30 00  287.750    9.250  1007.38
0000019 1980093006 1980 09 30 06  288.750    9.750  1009.18
0000019 1980093012 1980 09 30 12  288.500   10.000  1009.11
0000020 1980092706 1980 09 27 06  291.500    9.000  1011.49
0000020 1980092712 1980 09 27 12  291.500    8.000  1012.27
0000020 1980092718 1980 09 27 18  291.750    8.750  1009.32
0000020 1980092800 1980 09 28 00  291.250    9.000  1007.95
0000020 1980092806 1980 09 28 06  292.250    8.000  1009.99
0000020 1980092812 1980 09 28 12  293.250    8.000  1011.40
0000020 1980092818 1980 09 28 18  292.000    9.000  1008.66
0000020 1980092900 1980 09 29 00  291.750    9.000  1006.96
0000020 1980092906 1980 09 29 06  292.750    8.000  1009.22
0000020 1980092912 1980 09 29 12  293.000    8.000  1010.51
0000020 1980092918 1980 09 29 18  292.000    8.750  1008.18
0000020 1980093000 1980 09 30 00  292.000    9.000  1007.26
0000020 1980093006 1980 09 30 06  293.250    8.000  1008.95
0000020 1980093012 1980 09 30 12  292.250    8.000  1010.52
0000020 1980093018 1980 09 30 18  292.250    8.750  1008.72
0000020 1980100100 1980 10 01 00  291.500    8.000  1009.59
0000020 1980100106 1980 10 01 06  292.500    8.000  1010.64
0000020 1980100112 1980 10 01 12  293.500    8.000  1012.61
0000021 1980100300 1980 10 03 00  288.750   10.750  1007.41
0000021 1980100306 1980 10 03 06  288.250   10.000  1009.23
0000021 1980100312 1980 10 03 12  288.250   10.000  1010.07
0000021 1980100318 1980 10 03 18  287.750    9.000  1006.98
0000021 1980100400 1980 10 04 00  288.500   10.250  1005.98
0000021 1980100406 1980 10 04 06  288.500   10.250  1007.37
0000021 1980100412 1980 10 04 12  288.000   10.000  1009.05
0000021 1980100418 1980 10 04 18  287.750    9.250  1006.72
0000021 1980100500 1980 10 05 00  288.250    9.250  1007.04
0000021 1980100506 1980 10 05 06  288.500   10.250  1009.39
0000021 1980100512 1980 10 05 12  288.500   10.000  1010.10
0000021 1980100518 1980 10 05 18  288.000    9.000  1007.32
0000021 1980100600 1980 10 06 00  288.500    9.250  1007.80
0000022 1980100818 1980 10 08 18  288.000    8.750  1008.83
0000022 1980100900 1980 10 09 00  288.000    9.250  1009.05
0000022 1980100906 1980 10 09 06  288.500    9.750  1009.98
0000022 1980100912 1980 10 09 12  288.500    9.750  1011.00
0000022 1980100918 1980 10 09 18  287.750    8.750  1009.38
0000022 1980101000 1980 10 10 00  287.750    9.250  1009.04
0000022 1980101006 1980 10 10 06  288.750    9.750  1011.18
0000022 1980101012 1980 10 10 12  288.500    9.750  1011.81
0000022 1980101018 1980 10 10 18  288.750   10.750  1009.61
0000022 1980101100 1980 10 11 00  287.750    9.250  1008.56
0000022 1980101106 1980 10 11 06  288.750    9.750  1010.23
0000022 1980101112 1980 10 11 12  288.250   10.000  1012.10
0000022 1980101118 1980 10 11 18  288.000    8.750  1009.73
0000022 1980101200 1980 10 12 00  288.250    9.250  1008.93
0000022 1980101206 1980 10 12 06  288.500   10.000  1011.02
0000022 1980101212 1980 10 12 12  288.250   10.000  1011.12
0000022 1980101218 1980 10 12 18  287.750    8.750  1008.92
0000022 1980101300 1980 10 13 00  288.500   10.250  1008.16
0000022 1980101306 1980 10 13 06  288.500   10.000  1009.24
0000022 1980101312 1980 10 13 12  288.250   10.000  1010.30
0000022 1980101318 1980 10 13 18  288.000    8.750  1008.09
0000022 1980101400 1980 10 14 00  288.750    9.750  1007.25
0000022 1980101406 1980 10 14 06  288.500    9.750  1008.20
0000022 1980101412 1980 10 14 12  288.250    9.750  1009.16
0000022 1980101418 1980 10 14 18  288.000    8.750  1007.30
0000022 1980101500 1980 10 15 00  288.750    9.750  1007.22
0000022 1980101506 1980 10 15 06  288.500   10.000  1008.70
0000022 1980101512 1980 10 15 12  288.000    9.750  1009.69
0000022 1980101518 1980 10 15 18  288.000    9.000  1007.33
0000022 1980101600 1980 10 16 00  288.500    9.750  1007.55
0000022 1980101606 1980 10 16 06  288.500   10.500  1005.73
