0000001 1988060200 1988 06 02 00  289.000   11.000  1008.88
0000001 1988060206 1988 06 02 06  288.500   11.000  1010.34
0000001 1988060212 1988 06 02 12  288.250   11.000  1011.67
0000001 1988060218 1988 06 02 18  287.750    9.250  1010.53
0000001 1988060300 1988 06 03 00  288.500   10.000  1010.67
0000001 1988060306 1988 06 03 06  288.000    9.750  1013.31
0000002 1988060400 1988 06 04 00  287.750    9.250  1010.32
0000002 1988060406 1988 06 04 06  288.500    9.750  1011.27
0000002 1988060412 1988 06 04 12  288.500   10.000  1012.21
0000002 1988060418 1988 06 04 18  287.750    8.750  1010.36
0000002 1988060500 1988 06 05 00  288.000    9.500  1009.19
0000002 1988060506 1988 06 05 06  288.500   10.000  1010.87
0000002 1988060512 1988 06 05 12  288.500   10.000  1012.28
0000002 1988060518 1988 06 05 18  288.000    9.000  1009.68
0000002 1988060600 1988 06 06 00  288.500   10.250  1009.34
0000002 1988060606 1988 06 06 06  288.500   10.000  1010.47
0000002 1988060612 1988 06 06 12  288.500   10.000  1011.35
0000002 1988060618 1988 06 06 18  287.750    9.000  1009.11
0000002 1988060700 1988 06 07 00  288.250    9.250  1008.03
0000002 1988060706 1988 06 07 06  288.250    9.750  1009.00
0000002 1988060712 1988 06 07 12  288.250    9.750  1010.36
0000002 1988060718 1988 06 07 18  287.750    9.000  1007.79
0000003 1988060900 1988 06 09 00  288.750   10.750  1006.55
0000003 1988060906 1988 06 09 06  288.500   10.750  1007.83
0000003 1988060912 1988 06 09 12  288.500   10.000  1009.29
0000003 1988060918 1988 06 09 18  287.750    9.250  1007.78
0000003 1988061000 1988 06 10 00  288.250    9.500  1008.03
0000003 1988061006 1988 06 10 06  288.500   10.000  1009.23
0000003 1988061012 1988 06 10 12  288.500   10.000  1010.46
0000003 1988061018 1988 06 10 18  287.750    9.250  1008.46
0000003 1988061100 1988 06 11 00  288.500   10.250  1008.05
0000003 1988061106 1988 06 11 06  288.250   10.250  1008.58
0000003 1988061112 1988 06 11 12  288.250   10.000  1009.42
0000003 1988061118 1988 06 11 18  287.750    9.250  1007.43
0000003 1988061200 1988 06 12 00  288.500    9.500  1006.69
0000003 1988061206 1988 06 12 06  288.500   10.250  1008.92
0000003 1988061212 1988 06 12 12  288.500   10.250  1009.33
0000003 1988061218 1988 06 12 18  288.000    9.000  1007.74
0000003 1988061300 1988 06 13 00  288.250    9.250  1008.17
0000003 1988061306 1988 06 13 06  288.750    9.750  1010.47
0000003 1988061312 1988 06 13 12  288.250   10.000  1010.76
0000003 1988061318 1988 06 13 18  288.000    8.750  1009.32
0000003 1988061400 1988 06 14 00  287.750    9.250  1009.46
0000003 1988061406 1988 06 14 06  288.500    9.750  1011.19
0000003 1988061412 1988 06 14 12  288.500    9.750  1011.40
0000003 1988061418 1988 06 14 18  288.000    8.750  1010.29
0000003 1988061500 1988 06 15 00  287.750    9.250  1009.54
0000003 1988061506 1988 06 15 06  288.500   10.000  1010.69
0000003 1988061512 1988 06 15 12  288.250    9.750  1011.68
0000003 1988061518 1988 06 15 18  289.000   11.000  1006.42
0000003 1988061600 1988 06 16 00  287.750   12.000  1007.64
0000003 1988061606 1988 06 16 06  288.500   11.500  1009.07
0000003 1988061612 1988 06 16 12  288.500   11.500  1009.79
0000004 1988062718 1988 06 27 18  288.000    8.750  1009.06
0000004 1988062800 1988 06 28 00  288.500   10.250  1009.34
0000004 1988062806 1988 06 28 06  288.250   10.000  1010.42
0000004 1988062812 1988 06 28 12  288.250   10.000  1011.31
0000004 1988062818 1988 06 28 18  288.000    8.750  1009.07
0000004 1988062900 1988 06 29 00  288.750   10.000  1008.53
0000004 1988062906 1988 06 29 06  288.500   10.000  1009.27
0000004 1988062912 1988 06 29 12  288.250   10.000  1009.82
0000004 1988062918 1988 06 29 18  288.000    8.750  1008.42
0000004 1988063000 1988 06 30 00  287.750    9.500  1008.09
0000004 1988063006 1988 06 30 06  288.750    9.500  1009.89
0000004 1988063012 1988 06 30 12  288.500    9.750  1009.53
0000004 1988063018 1988 06 30 18  288.000    8.750  1007.85
0000004 1988070100 1988 07 01 00  288.750    9.750  1010.34
0000004 1988070106 1988 07 01 06  288.500    9.750  1010.20
0000004 1988070112 1988 07 01 12  288.500    9.750  1010.02
0000004 1988070118 1988 07 01 18  288.000    8.750  1008.37
0000004 1988070200 1988 07 02 00  288.500   10.000  1007.74
0000004 1988070206 1988 07 02 06  288.250   10.000  1009.20
0000004 1988070212 1988 07 02 12  288.250   10.000  1010.38
0000004 1988070218 1988 07 02 18  288.000    8.750  1008.18
0000004 1988070300 1988 07 03 00  288.750    9.750  1007.66
0000004 1988070306 1988 07 03 06  288.250   10.000  1008.52
0000004 1988070312 1988 07 03 12  288.500    9.750  1010.02
0000005 1988070500 1988 07 05 00  288.750    9.750  1008.18
0000005 1988070506 1988 07 05 06  288.250    9.750  1009.59
0000005 1988070512 1988 07 05 12  288.250    9.750  1011.03
0000005 1988070518 1988 07 05 18  288.000    8.750  1010.08
0000005 1988070600 1988 07 06 00  288.750   10.000  1009.51
0000005 1988070606 1988 07 06 06  288.750    9.750  1010.10
0000005 1988070612 1988 07 06 12  288.500    9.750  1010.60
0000005 1988070618 1988 07 06 18  288.000    8.750  1009.48
0000005 1988070700 1988 07 07 00  288.000    9.250  1008.93
0000005 1988070706 1988 07 07 06  288.750   10.000  1010.39
0000005 1988070712 1988 07 07 12  288.250   10.000  1010.82
0000005 1988070718 1988 07 07 18  288.750   10.000  1009.74
0000005 1988070800 1988 07 08 00  288.750    9.750  1008.11
0000005 1988070806 1988 07 08 06  288.250   10.000  1009.02
0000005 1988070812 1988 07 08 12  288.250    9.750  1010.69
0000005 1988070818 1988 07 08 18  288.750   10.000  1008.98
0000006 1988071106 1988 07 11 06  288.250   10.250  1009.46
0000006 1988071112 1988 07 11 12  288.250   10.250  1010.52
0000006 1988071118 1988 07 11 18  288.000    9.000  1008.49
0000006 1988071200 1988 07 12 00  288.500   10.000  1009.52
0000006 1988071206 1988 07 12 06  288.250   11.000  1011.29
0000006 1988071212 1988 07 12 12  288.500   10.000  1012.25
0000006 1988071218 1988 07 12 18  288.000    8.750  1011.33
0000006 1988071300 1988 07 13 00  287.750    9.000  1011.61
0000006 1988071306 1988 07 13 06  288.500    9.750  1012.84
0000006 1988071312 1988 07 13 12  288.500   10.000  1013.65
0000006 1988071318 1988 07 13 18  288.000    8.750  1012.03
0000006 1988071400 1988 07 14 00  288.000    9.500  1011.50
0000006 1988071406 1988 07 14 06  288.500   10.000  1012.78
0000006 1988071412 1988 07 14 12  288.500   10.000  1012.32
0000007 1988071500 1988 07 15 00  289.000   11.000  1009.02
0000007 1988071506 1988 07 15 06  288.250   11.000  1010.93
0000007 1988071512 1988 07 15 12  288.500    9.750  1012.47
0000007 1988071518 1988 07 15 18  288.750   10.750  1010.44
0000007 1988071600 1988 07 16 00  288.500   10.500  1009.29
0000007 1988071606 1988 07 16 06  288.250   10.250  1008.04
0000007 1988071612 1988 07 16 12  288.000    9.000  1011.21
0000007 1988071618 1988 07 16 18  286.250    9.500  1009.16
0000007 1988071700 1988 07 17 00  285.500    9.250  1009.73
0000007 1988071706 1988 07 17 06  285.500   11.000  1011.41
0000007 1988071712 1988 07 17 12  284.000   10.750  1010.69
0000008 1988072900 1988 07 29 00  288.500    9.500  1008.34
0000008 1988072906 1988 07 29 06  288.500   10.000  1009.82
0000008 1988072912 1988 07 29 12  288.250   10.000  1010.44
0000008 1988072918 1988 07 29 18  288.000    8.750  1007.87
0000008 1988073000 1988 07 30 00  288.750    9.750  1008.58
0000008 1988073006 1988 07 30 06  288.500   10.000  1010.09
0000008 1988073012 1988 07 30 12  288.250   10.250  1010.96
0000008 1988073018 1988 07 30 18  287.750    9.250  1008.72
0000008 1988073100 1988 07 31 00  288.500    9.500  1008.79
0000008 1988073106 1988 07 31 06  288.500   10.000  1011.28
0000008 1988073112 1988 07 31 12  288.250   10.250  1011.32
0000008 1988073118 1988 07 31 18  288.000    8.750  1008.56
0000008 1988080100 1988 08 01 00  288.000    9.000  1011.41
0000008 1988080106 1988 08 01 06  288.250    9.500  1012.00
0000008 1988080112 1988 08 01 12  288.750    9.750  1012.31
0000008 1988080118 1988 08 01 18  288.000    8.750  1008.85
0000008 1988080200 1988 08 02 00  287.750    9.250  1008.03
0000008 1988080206 1988 08 02 06  288.500    9.750  1009.37
0000008 1988080212 1988 08 02 12  288.000    9.500  1010.81
0000008 1988080218 1988 08 02 18  288.000    8.750  1008.90
0000008 1988080300 1988 08 03 00  288.000    9.000  1009.82
0000008 1988080306 1988 08 03 06  288.750    9.500  1011.77
0000008 1988080312 1988 08 03 12  288.500   10.000  1012.11
0000008 1988080318 1988 08 03 18  288.000    8.750  1009.08
0000008 1988080400 1988 08 04 00  288.250    9.000  1010.14
0000008 1988080406 1988 08 04 06  288.750    9.750  1011.29
0000008 1988080412 1988 08 04 12  288.250    9.750  1011.72
0000009 1988080500 1988 08 05 00  288.500   10.250  1009.20
0000009 1988080506 1988 08 05 06  288.750    9.750  1009.70
0000009 1988080512 1988 08 05 12  288.500   10.000  1010.09
0000009 1988080518 1988 08 05 18  288.000    8.750  1007.64
0000009 1988080600 1988 08 06 00  288.250    9.250  1007.84
0000009 1988080606 1988 08 06 06  288.750    9.750  1009.25
0000009 1988080612 1988 08 06 12  288.250   10.000  1010.16
0000009 1988080618 1988 08 06 18  287.750    8.750  1008.03
0000009 1988080700 1988 08 07 00  288.500    9.750  1009.37
0000009 1988080706 1988 08 07 06  288.500   10.000  1010.01
0000009 1988080712 1988 08 07 12  288.500   10.000  1010.60
0000009 1988080718 1988 08 07 18  288.000    8.750  1007.78
0000009 1988080800 1988 08 08 00  288.000    9.000  1008.88
0000009 1988080806 1988 08 08 06  288.500   10.000  1010.76
0000009 1988080812 1988 08 08 12  288.250   10.250  1010.87
0000009 1988080818 1988 08 08 18  288.000    8.750  1008.26
0000009 1988080900 1988 08 09 00  288.250    9.500  1008.96
0000009 1988080906 1988 08 09 06  288.750    9.750  1010.39
0000009 1988080912 1988 08 09 12  288.250   10.000  1011.49
0000009 1988080918 1988 08 09 18  288.000    8.750  1007.93
0000009 1988081000 1988 08 10 00  288.250    9.250  1008.18
0000009 1988081006 1988 08 10 06  288.750    9.750  1010.68
0000009 1988081012 1988 08 10 12  288.500   10.000  1010.14
0000009 1988081018 1988 08 10 18  288.000    8.750  1007.89
0000009 1988081100 1988 08 11 00  288.500    9.750  1010.09
0000009 1988081106 1988 08 11 06  288.250   10.000  1011.53
0000009 1988081112 1988 08 11 12  288.500   10.000  1011.78
0000009 1988081118 1988 08 11 18  287.750    8.750  1008.90
0000009 1988081200 1988 08 12 00  288.250    9.000  1010.65
0000010 1988081218 1988 08 12 18  288.000    8.750  1009.83
0000010 1988081300 1988 08 13 00  287.750    9.000  1009.57
0000010 1988081306 1988 08 13 06  288.750    9.750  1011.84
0000010 1988081312 1988 08 13 12  288.500    9.750  1011.54
0000010 1988081318 1988 08 13 18  288.000    8.750  1009.82
0000010 1988081400 1988 08 14 00  288.500   10.250  1008.91
0000010 1988081406 1988 08 14 06  288.250   10.000  1010.59
0000010 1988081412 1988 08 14 12  288.250    9.750  1012.19
0000010 1988081418 1988 08 14 18  288.000    8.750  1009.93
0000010 1988081500 1988 08 15 00  288.750    9.750  1009.60
0000010 1988081506 1988 08 15 06  288.750    9.750  1010.62
0000010 1988081512 1988 08 15 12  288.500    9.750  1011.36
0000010 1988081518 1988 08 15 18  288.000    8.750  1009.29
0000010 1988081600 1988 08 16 00  288.000    9.500  1008.58
0000010 1988081606 1988 08 16 06  288.500   10.000  1006.73
0000010 1988081612 1988 08 16 12  288.500   10.250  1008.61
0000010 1988081618 1988 08 16 18  288.000    9.000  1006.56
0000010 1988081700 1988 08 17 00  288.000    9.750  1007.74
0000010 1988081706 1988 08 17 06  288.750   11.000  1010.67
0000011 1988082412 1988 08 24 12  294.750   17.250  1011.00
0000011 1988082418 1988 08 24 18  293.250   17.500  1010.26
0000011 1988082500 1988 08 25 00  292.250   18.250  1009.02
0000011 1988082506 1988 08 25 06  290.500   18.750  1009.42
0000011 1988082512 1988 08 25 12  289.500   19.500  1010.49
0000011 1988082518 1988 08 25 18  288.000   20.250  1009.24
0000011 1988082600 1988 08 26 00  286.500   20.750  1008.78
0000011 1988082606 1988 08 26 06  285.750   21.250  1008.06
0000011 1988082612 1988 08 26 12  284.500   22.500  1007.37
0000011 1988082618 1988 08 26 18  283.500   22.750  1007.11
0000011 1988082700 1988 08 27 00  282.500   23.500  1006.01
0000011 1988082706 1988 08 27 06  281.750   23.750  1005.67
0000011 1988082712 1988 08 27 12  281.000   24.500  1004.48
0000011 1988082718 1988 08 27 18  280.000   24.500  1004.40
0000011 1988082800 1988 08 28 00  280.000   24.750  1002.33
0000011 1988082806 1988 08 28 06  279.750   25.500  1005.41
0000011 1988082812 1988 08 28 12  279.000   26.000  1012.13
0000011 1988082818 1988 08 28 18  278.750   26.500  1014.90
0000012 1988091218 1988 09 12 18  287.750    8.750  1006.66
0000012 1988091300 1988 09 13 00  287.750    9.000  1008.22
0000012 1988091306 1988 09 13 06  288.750    9.750  1009.74
0000012 1988091312 1988 09 13 12  288.500   10.000  1010.28
0000012 1988091318 1988 09 13 18  287.750    8.750  1007.63
0000012 1988091400 1988 09 14 00  288.000    9.000  1007.59
0000012 1988091406 1988 09 14 06  288.750    9.750  1009.85
0000012 1988091412 1988 09 14 12  288.750    9.750  1010.67
0000012 1988091418 1988 09 14 18  288.000    8.750  1008.87
0000012 1988091500 1988 09 15 00  288.000    9.000  1008.62
0000012 1988091506 1988 09 15 06  288.500    9.750  1010.90
0000013 1988092318 1988 09 23 18  312.750   14.500  1006.70
0000013 1988092400 1988 09 24 00  312.250   14.500  1007.58
0000013 1988092406 1988 09 24 06  311.750   16.000  1004.93
0000013 1988092412 1988 09 24 12  311.000   16.750  1005.86
0000013 1988092418 1988 09 24 18  310.750   17.500  1002.55
0000013 1988092500 1988 09 25 00  310.750   18.250  1002.69
0000013 1988092506 1988 09 25 06  310.500   19.000   996.00
0000013 1988092512 1988 09 25 12  310.000   20.000   997.23
0000013 1988092518 1988 09 25 18  309.750   20.750   995.42
0000013 1988092600 1988 09 26 00  309.250   21.500   995.36
0000013 1988092606 1988 09 26 06  309.250   22.750   989.41
0000013 1988092612 1988 09 26 12  309.000   24.500   986.71
0000013 1988092618 1988 09 26 18  308.500   25.250   983.16
0000013 1988092700 1988 09 27 00  309.250   26.500   991.09
0000014 1988092906 1988 09 29 06  293.000    8.000  1012.41
0000014 1988092912 1988 09 29 12  292.250    8.000  1013.06
0000014 1988092918 1988 09 29 18  292.750    8.750  1009.73
0000014 1988093000 1988 09 30 00  292.250    8.500  1010.07
0000014 1988093006 1988 09 30 06  292.000    8.000  1011.54
0000014 1988093012 1988 09 30 12  292.500    8.000  1012.11
0000014 1988093018 1988 09 30 18  292.000    8.750  1008.61
0000014 1988100100 1988 10 01 00  292.250    8.000  1009.56
0000014 1988100106 1988 10 01 06  292.500    8.000  1010.80
0000014 1988100112 1988 10 01 12  293.250    8.000  1011.20
0000014 1988100118 1988 10 01 18  293.000    8.500  1007.93
0000015 1988101500 1988 10 15 00  293.250   14.750  1009.20
0000015 1988101506 1988 10 15 06  292.250   15.000  1008.31
0000015 1988101512 1988 10 15 12  291.000   15.000  1008.68
0000015 1988101518 1988 10 15 18  290.000   15.000  1008.17
0000015 1988101600 1988 10 16 00  289.000   15.000  1007.70
0000015 1988101606 1988 10 16 06  287.750   15.000  1002.62
0000015 1988101612 1988 10 16 12  287.000   15.000  1003.69
0000015 1988101618 1988 10 16 18  287.000   15.500  1002.14
0000015 1988101700 1988 10 17 00  286.000   15.250  1002.19
0000015 1988101706 1988 10 17 06  285.750   15.250  1001.69
0000015 1988101712 1988 10 17 12  285.500   15.250  1001.92
0000015 1988101718 1988 10 17 18  284.750   16.000  1002.70
0000015 1988101800 1988 10 18 00  283.500   15.500  1002.60
0000015 1988101806 1988 10 18 06  282.500   15.500  1001.99
0000015 1988101812 1988 10 18 12  281.000   15.000  1003.04
0000015 1988101818 1988 10 18 18  279.750   14.250  1002.11
0000015 1988101900 1988 10 19 00  278.750   13.250  1002.07
0000015 1988101906 1988 10 19 06  279.000   11.750  1001.46
0000015 1988101912 1988 10 19 12  279.750   10.750   998.85
0000015 1988101918 1988 10 19 18  280.500   10.500   998.75
0000015 1988102000 1988 10 20 00  281.750   11.000   998.23
0000015 1988102006 1988 10 20 06  282.000   11.500   997.35
0000015 1988102012 1988 10 20 12  281.750   11.750   995.09
0000015 1988102018 1988 10 20 18  281.750   12.250   992.98
0000015 1988102100 1988 10 21 00  281.500   13.000   992.38
0000015 1988102106 1988 10 21 06  281.000   13.500   992.03
0000015 1988102112 1988 10 21 12  280.250   13.750   993.47
0000015 1988102118 1988 10 21 18  279.250   14.000   993.74
0000015 1988102200 1988 10 22 00  278.500   14.000   992.04
0000015 1988102206 1988 10 22 06  277.500   14.000   989.70
0000015 1988102212 1988 10 22 12  276.250   13.250   988.35
0000015 1988102218 1988 10 22 18  275.500   12.250   993.77
