0000001 2005060400 2005 06 04 00  288.750    9.750  1005.02
0000001 2005060406 2005 06 04 06  288.250   10.000  1006.18
0000001 2005060412 2005 06 04 12  288.250   10.000  1007.76
0000001 2005060418 2005 06 04 18  288.000    9.000  1005.46
0000001 2005060500 2005 06 05 00  288.000    9.750  1004.86
0000001 2005060506 2005 06 05 06  288.250   10.000  1006.57
0000001 2005060512 2005 06 05 12  288.250   10.000  1008.16
0000001 2005060518 2005 06 05 18  288.000    9.000  1006.32
0000001 2005060600 2005 06 06 00  288.500    9.500  1006.96
0000001 2005060606 2005 06 06 06  288.500   11.000  1009.28
0000001 2005060612 2005 06 06 12  288.500   10.000  1009.60
0000001 2005060618 2005 06 06 18  288.000    9.000  1007.87
0000001 2005060700 2005 06 07 00  288.250    9.250  1007.84
0000002 2005061718 2005 06 17 18  288.000    8.750  1007.08
0000002 2005061800 2005 06 18 00  288.750    9.750  1007.07
0000002 2005061806 2005 06 18 06  289.000   11.250  1007.49
0000002 2005061812 2005 06 18 12  288.750    9.750  1009.03
0000002 2005061818 2005 06 18 18  288.000    8.750  1006.69
0000002 2005061900 2005 06 19 00  288.750    9.750  1006.54
0000002 2005061906 2005 06 19 06  288.250   10.250  1006.95
0000002 2005061912 2005 06 19 12  288.750    9.750  1007.65
0000002 2005061918 2005 06 19 18  288.750   10.750  1006.09
0000002 2005062000 2005 06 20 00  288.500    9.500  1006.05
0000002 2005062006 2005 06 20 06  288.000   10.000  1007.16
0000002 2005062012 2005 06 20 12  288.750    9.500  1008.81
0000003 2005062900 2005 06 29 00  288.500   10.250  1006.12
0000003 2005062906 2005 06 29 06  288.250   10.250  1007.65
0000003 2005062912 2005 06 29 12  288.250   10.000  1009.37
0000003 2005062918 2005 06 29 18  288.000    9.000  1007.89
0000003 2005063000 2005 06 30 00  288.500   10.250  1007.82
0000003 2005063006 2005 06 30 06  288.500   10.000  1009.58
0000003 2005063012 2005 06 30 12  288.000   10.000  1010.22
0000003 2005063018 2005 06 30 18  288.750   10.750  1009.06
0000003 2005070100 2005 07 01 00  287.750   11.750  1014.01
0000004 2005070206 2005 07 02 06  288.500   10.250  1011.04
0000004 2005070212 2005 07 02 12  288.000   10.000  1012.23
0000004 2005070218 2005 07 02 18  287.750    8.750  1010.33
0000004 2005070300 2005 07 03 00  288.500   10.000  1009.47
0000004 2005070306 2005 07 03 06  288.250   10.000  1010.83
0000004 2005070312 2005 07 03 12  288.250    9.750  1011.38
0000004 2005070318 2005 07 03 18  287.750    8.750  1010.26
0000004 2005070400 2005 07 04 00  288.750   10.000  1009.98
0000004 2005070406 2005 07 04 06  288.250    9.500  1011.58
0000004 2005070412 2005 07 04 12  288.500    9.750  1012.58
0000005 2005070500 2005 07 05 00  288.750   10.000  1009.92
0000005 2005070506 2005 07 05 06  288.500    9.750  1010.89
0000005 2005070512 2005 07 05 12  288.500    9.500  1011.30
0000005 2005070518 2005 07 05 18  287.750    8.750  1009.13
0000005 2005070600 2005 07 06 00  287.750    9.250  1008.44
0000005 2005070606 2005 07 06 06  288.750    9.750  1010.75
0000005 2005070612 2005 07 06 12  288.500   10.000  1009.66
0000005 2005070618 2005 07 06 18  288.000    8.750  1006.93
0000005 2005070700 2005 07 07 00  288.750    9.500  1008.41
0000005 2005070706 2005 07 07 06  288.250    9.500  1012.00
0000005 2005070712 2005 07 07 12  288.500    9.750  1012.19
0000005 2005070718 2005 07 07 18  288.000    8.750  1009.00
0000006 2005070806 2005 07 08 06  288.500   10.000  1010.25
0000006 2005070812 2005 07 08 12  288.750    9.750  1011.12
0000006 2005070818 2005 07 08 18  287.500    9.000  1008.54
0000006 2005070900 2005 07 09 00  288.500   10.250  1008.23
0000006 2005070906 2005 07 09 06  288.500   11.000  1008.43
0000006 2005070912 2005 07 09 12  288.500   10.000  1009.23
0000006 2005070918 2005 07 09 18  287.750    9.000  1006.83
0000007 2005070600 2005 07 06 00  290.000   15.500  1010.07
0000007 2005070606 2005 07 06 06  289.250   15.250  1009.03
0000007 2005070612 2005 07 06 12  288.250   16.500  1007.12
0000007 2005070618 2005 07 06 18  286.750   16.250  1005.59
0000007 2005070700 2005 07 07 00  286.500   16.500  1004.24
0000007 2005070706 2005 07 07 06  285.000   17.500  1002.18
0000007 2005070712 2005 07 07 12  283.750   18.000  1000.97
0000007 2005070718 2005 07 07 18  282.500   19.000   995.93
0000007 2005070800 2005 07 08 00  281.750   19.250   991.80
0000007 2005070806 2005 07 08 06  280.750   20.000   987.43
0000007 2005070812 2005 07 08 12  279.750   21.000   984.23
0000007 2005070818 2005 07 08 18  278.750   21.750   981.57
0000007 2005070900 2005 07 09 00  278.500   22.250   981.18
0000007 2005070906 2005 07 09 06  277.500   23.250   983.07
0000007 2005070912 2005 07 09 12  276.750   23.750   977.42
0000007 2005070918 2005 07 09 18  276.500   25.000   975.04
0000008 2005071118 2005 07 11 18  287.750    8.750  1007.74
0000008 2005071200 2005 07 12 00  288.000    9.500  1008.06
0000008 2005071206 2005 07 12 06  288.250   11.000  1009.70
0000008 2005071212 2005 07 12 12  288.500   10.000  1010.56
0000008 2005071218 2005 07 12 18  287.750    9.000  1008.93
0000008 2005071300 2005 07 13 00  288.250    9.250  1009.62
0000008 2005071306 2005 07 13 06  288.500   10.750  1011.51
0000008 2005071312 2005 07 13 12  288.250   10.250  1011.74
0000008 2005071318 2005 07 13 18  288.000    9.000  1009.39
0000008 2005071400 2005 07 14 00  288.000    9.000  1009.08
0000008 2005071406 2005 07 14 06  288.500   10.250  1010.41
0000008 2005071412 2005 07 14 12  288.250   10.250  1011.02
0000009 2005071312 2005 07 13 12  302.500   11.500  1009.12
0000009 2005071318 2005 07 13 18  300.750   11.750  1006.71
0000009 2005071400 2005 07 14 00  299.000   12.250  1007.22
0000009 2005071406 2005 07 14 06  297.500   12.000  1006.31
0000009 2005071412 2005 07 14 12  296.500   12.250  1004.63
0000009 2005071418 2005 07 14 18  295.000   13.000  1004.24
0000009 2005071500 2005 07 15 00  293.750   13.500  1004.34
0000009 2005071506 2005 07 15 06  292.000   14.000  1003.78
0000010 2005071600 2005 07 16 00  286.000   16.250  1003.14
0000010 2005071606 2005 07 16 06  284.250   16.500   998.84
0000010 2005071612 2005 07 16 12  282.500   16.750   998.88
0000010 2005071618 2005 07 16 18  281.750   17.250   997.84
0000010 2005071700 2005 07 17 00  280.250   17.750   992.89
0000010 2005071706 2005 07 17 06  278.500   18.250   990.66
0000010 2005071712 2005 07 17 12  277.000   18.750   988.81
0000010 2005071718 2005 07 17 18  275.750   18.750   986.39
0000011 2005071900 2005 07 19 00  288.750    9.750  1006.70
0000011 2005071906 2005 07 19 06  288.250   10.000  1007.19
0000011 2005071912 2005 07 19 12  288.500   10.000  1007.82
0000011 2005071918 2005 07 19 18  288.750   10.750  1006.69
0000011 2005072000 2005 07 20 00  288.000    9.250  1006.09
0000011 2005072006 2005 07 20 06  288.500   10.000  1008.23
0000011 2005072012 2005 07 20 12  288.000   11.250  1008.74
0000012 2005072200 2005 07 22 00  288.500   10.000  1008.16
0000012 2005072206 2005 07 22 06  288.250   10.000  1009.40
0000012 2005072212 2005 07 22 12  288.250   10.000  1010.43
0000012 2005072218 2005 07 22 18  286.500    9.750  1008.60
0000012 2005072300 2005 07 23 00  285.250    8.750  1009.48
0000013 2005073006 2005 07 30 06  288.500   10.000  1007.07
0000013 2005073012 2005 07 30 12  288.250   10.250  1007.91
0000013 2005073018 2005 07 30 18  288.000    9.000  1005.99
0000013 2005073100 2005 07 31 00  288.250    9.500  1005.95
0000013 2005073106 2005 07 31 06  288.500   11.250  1007.49
0000013 2005073112 2005 07 31 12  288.250   11.250  1008.76
0000014 2005080800 2005 08 08 00  288.750    9.750  1006.96
0000014 2005080806 2005 08 08 06  288.500   10.000  1007.77
0000014 2005080812 2005 08 08 12  288.000    9.750  1008.65
0000014 2005080818 2005 08 08 18  286.250    9.500  1006.48
0000014 2005080900 2005 08 09 00  285.500    9.000  1007.31
0000014 2005080906 2005 08 09 06  285.250   10.500  1009.19
0000015 2005080800 2005 08 08 00  312.500   21.000  1012.29
0000015 2005080806 2005 08 08 06  311.500   21.500  1010.31
0000015 2005080812 2005 08 08 12  310.000   21.500  1011.67
0000015 2005080818 2005 08 08 18  308.750   22.000  1011.62
0000015 2005080900 2005 08 09 00  307.750   21.750  1012.74
0000015 2005080906 2005 08 09 06  306.750   21.750  1011.64
0000015 2005080912 2005 08 09 12  305.250   21.750  1013.03
0000015 2005080918 2005 08 09 18  304.250   21.750  1012.64
0000015 2005081000 2005 08 10 00  303.000   21.250  1013.58
0000015 2005081006 2005 08 10 06  302.250   21.250  1012.45
0000015 2005081012 2005 08 10 12  301.000   21.250  1014.26
0000015 2005081018 2005 08 10 18  300.000   21.750  1013.36
0000015 2005081100 2005 08 11 00  298.750   22.750  1014.93
0000015 2005081106 2005 08 11 06  297.250   23.000  1014.75
0000015 2005081112 2005 08 11 12  296.500   23.250  1016.24
0000015 2005081118 2005 08 11 18  295.500   24.250  1015.87
0000015 2005081200 2005 08 12 00  295.000   25.250  1016.17
0000015 2005081206 2005 08 12 06  294.500   26.750  1014.45
0000016 2005080900 2005 08 09 00  288.750    9.750  1006.85
0000016 2005080906 2005 08 09 06  288.500   10.250  1007.94
0000016 2005080912 2005 08 09 12  288.500   10.750  1009.34
0000016 2005080918 2005 08 09 18  288.000    9.000  1007.44
0000016 2005081000 2005 08 10 00  288.250    9.250  1007.64
0000016 2005081006 2005 08 10 06  288.500   11.000  1008.93
0000016 2005081012 2005 08 10 12  288.500   10.000  1009.70
0000016 2005081018 2005 08 10 18  287.750    9.000  1007.35
0000016 2005081100 2005 08 11 00  288.000    9.500  1006.99
0000016 2005081106 2005 08 11 06  288.500   11.000  1008.18
0000016 2005081112 2005 08 11 12  288.500   10.000  1009.64
0000016 2005081118 2005 08 11 18  287.750    9.250  1007.48
0000016 2005081200 2005 08 12 00  288.750   10.750  1007.21
0000016 2005081206 2005 08 12 06  288.500   10.750  1008.37
0000016 2005081212 2005 08 12 12  288.500   10.000  1009.86
0000016 2005081218 2005 08 12 18  287.750    9.000  1007.37
0000016 2005081300 2005 08 13 00  288.000    9.500  1007.39
0000016 2005081306 2005 08 13 06  288.500   10.250  1008.19
0000016 2005081312 2005 08 13 12  288.250   10.250  1008.59
0000016 2005081318 2005 08 13 18  287.750    9.250  1006.43
0000016 2005081400 2005 08 14 00  288.500    9.500  1006.92
0000016 2005081406 2005 08 14 06  288.500   10.750  1008.72
0000016 2005081412 2005 08 14 12  288.250   10.250  1009.61
0000016 2005081418 2005 08 14 18  288.000    9.000  1008.05
0000016 2005081500 2005 08 15 00  288.000    8.750  1009.33
0000016 2005081506 2005 08 15 06  288.500   10.000  1011.34
0000016 2005081512 2005 08 15 12  288.500   10.000  1011.37
0000016 2005081518 2005 08 15 18  288.000    8.750  1008.86
0000016 2005081600 2005 08 16 00  288.000    9.250  1008.63
0000016 2005081606 2005 08 16 06  288.500   10.250  1006.57
0000016 2005081612 2005 08 16 12  289.000   11.250  1008.53
0000017 2005081506 2005 08 15 06  311.500   14.250  1011.57
0000017 2005081512 2005 08 15 12  311.250   14.000  1014.33
0000017 2005081518 2005 08 15 18  310.750   14.000  1013.11
0000017 2005081600 2005 08 16 00  309.750   14.500  1014.75
0000017 2005081606 2005 08 16 06  309.000   15.500  1009.14
0000017 2005081612 2005 08 16 12  308.250   16.000  1011.18
0000017 2005081618 2005 08 16 18  307.250   17.000  1007.88
0000017 2005081700 2005 08 17 00  306.000   17.250  1008.24
0000017 2005081706 2005 08 17 06  305.000   17.750  1007.22
0000017 2005081712 2005 08 17 12  304.500   19.000  1007.23
0000017 2005081718 2005 08 17 18  303.250   19.750  1007.37
0000017 2005081800 2005 08 18 00  302.250   20.750  1008.85
0000017 2005081806 2005 08 18 06  301.000   21.250  1008.13
0000017 2005081812 2005 08 18 12  300.250   22.500  1009.15
0000017 2005081818 2005 08 18 18  299.000   23.750  1008.69
0000017 2005081900 2005 08 19 00  298.000   24.250  1008.46
0000017 2005081906 2005 08 19 06  296.500   24.750  1008.81
0000017 2005081912 2005 08 19 12  295.500   25.000  1011.83
0000017 2005081918 2005 08 19 18  294.000   25.250  1013.50
0000017 2005082000 2005 08 20 00  292.250   25.500  1014.66
0000017 2005082006 2005 08 20 06  290.750   25.750  1015.49
0000017 2005082012 2005 08 20 12  289.250   25.750  1016.91
0000017 2005082018 2005 08 20 18  287.750   25.750  1017.49
0000018 2005082506 2005 08 25 06  280.750   26.250  1011.72
0000018 2005082512 2005 08 25 12  280.250   25.750  1009.74
0000018 2005082518 2005 08 25 18  280.250   25.500  1005.91
0000018 2005082600 2005 08 26 00  279.750   25.500  1000.76
0000018 2005082606 2005 08 26 06  279.250   25.250   998.32
0000018 2005082612 2005 08 26 12  278.500   25.000   995.33
0000018 2005082618 2005 08 26 18  277.500   24.750   992.71
0000018 2005082700 2005 08 27 00  276.750   24.750   986.24
0000018 2005082706 2005 08 27 06  275.750   24.500   982.52
0000018 2005082712 2005 08 27 12  275.250   24.500   976.51
0000019 2005090200 2005 09 02 00  288.500   10.000  1005.36
0000019 2005090206 2005 09 02 06  288.250    9.750  1006.87
0000019 2005090212 2005 09 02 12  288.000    9.750  1008.32
0000019 2005090218 2005 09 02 18  286.250    9.750  1006.02
0000019 2005090300 2005 09 03 00  285.500   11.000  1006.55
0000019 2005090306 2005 09 03 06  284.750   11.000  1009.02
0000019 2005090312 2005 09 03 12  284.000   10.750  1009.89
0000020 2005090200 2005 09 02 00  312.500   19.500  1008.50
0000020 2005090206 2005 09 02 06  312.250   19.500  1006.16
0000020 2005090212 2005 09 02 12  311.000   20.500  1007.73
0000020 2005090218 2005 09 02 18  309.750   21.000  1004.32
0000020 2005090300 2005 09 03 00  309.500   21.750  1002.90
0000020 2005090306 2005 09 03 06  308.500   23.000  1002.42
0000020 2005090312 2005 09 03 12  307.500   24.000  1004.30
0000020 2005090318 2005 09 03 18  307.000   25.500  1003.28
0000020 2005090400 2005 09 04 00  306.000   26.750  1009.03
0000021 2005090300 2005 09 03 00  288.750    9.750  1006.33
0000021 2005090306 2005 09 03 06  288.500   10.000  1008.40
0000021 2005090312 2005 09 03 12  288.250   10.000  1009.29
0000021 2005090318 2005 09 03 18  287.750    9.250  1006.95
0000021 2005090400 2005 09 04 00  288.500    9.500  1008.41
0000021 2005090406 2005 09 04 06  288.500   10.000  1009.52
0000021 2005090412 2005 09 04 12  288.500   10.000  1009.61
0000021 2005090418 2005 09 04 18  288.000    8.750  1006.39
0000021 2005090500 2005 09 05 00  288.000    9.500  1006.89
0000021 2005090506 2005 09 05 06  288.500   10.000  1007.81
0000021 2005090512 2005 09 05 12  288.250   10.000  1008.29
0000021 2005090518 2005 09 05 18  288.000    8.750  1005.16
0000021 2005090600 2005 09 06 00  288.250    9.750  1005.13
0000021 2005090606 2005 09 06 06  288.250   10.250  1006.81
0000021 2005090612 2005 09 06 12  288.250   10.000  1007.94
0000021 2005090618 2005 09 06 18  287.750    9.250  1005.28
0000021 2005090700 2005 09 07 00  288.500    9.500  1005.24
0000021 2005090706 2005 09 07 06  288.250   10.250  1007.08
0000021 2005090712 2005 09 07 12  288.250   10.250  1008.23
0000021 2005090718 2005 09 07 18  287.750    9.250  1005.23
0000021 2005090800 2005 09 08 00  288.250   10.250  1005.10
0000021 2005090806 2005 09 08 06  288.500   10.000  1007.27
0000021 2005090812 2005 09 08 12  288.250   10.250  1007.95
0000022 2005090900 2005 09 09 00  288.250    9.750  1004.28
0000022 2005090906 2005 09 09 06  288.250   10.000  1006.61
0000022 2005090912 2005 09 09 12  288.250   10.250  1008.17
0000022 2005090918 2005 09 09 18  287.750    9.000  1005.29
0000022 2005091000 2005 09 10 00  288.250    9.750  1005.61
0000022 2005091006 2005 09 10 06  288.250   10.000  1007.81
0000022 2005091012 2005 09 10 12  288.000   10.000  1009.25
0000022 2005091018 2005 09 10 18  287.750    9.000  1005.49
0000022 2005091100 2005 09 11 00  288.250    9.500  1005.15
0000022 2005091106 2005 09 11 06  288.000   10.000  1007.44
0000022 2005091112 2005 09 11 12  287.750    9.750  1009.73
0000022 2005091118 2005 09 11 18  286.250    9.500  1006.77
0000022 2005091200 2005 09 12 00  285.500    9.000  1006.62
0000023 2005091300 2005 09 13 00  288.750    9.750  1007.14
0000023 2005091306 2005 09 13 06  288.500   10.000  1008.44
0000023 2005091312 2005 09 13 12  288.000   10.250  1009.96
0000023 2005091318 2005 09 13 18  287.750    9.250  1006.77
0000023 2005091400 2005 09 14 00  288.750    9.500  1007.15
0000023 2005091406 2005 09 14 06  288.500   10.000  1008.80
0000023 2005091412 2005 09 14 12  288.000   10.000  1009.88
0000023 2005091418 2005 09 14 18  288.000    9.000  1006.07
0000023 2005091500 2005 09 15 00  288.750    9.750  1006.47
0000023 2005091506 2005 09 15 06  288.500   10.000  1008.04
0000023 2005091512 2005 09 15 12  288.250   10.000  1009.81
0000023 2005091518 2005 09 15 18  287.750    9.250  1003.96
0000023 2005091600 2005 09 16 00  288.250    9.750  1005.81
0000023 2005091606 2005 09 16 06  288.750   11.500  1007.91
0000023 2005091612 2005 09 16 12  288.500   11.500  1009.00
0000024 2005092000 2005 09 20 00  282.750   23.750  1005.99
0000024 2005092006 2005 09 20 06  281.000   23.250  1001.24
0000024 2005092012 2005 09 20 12  279.500   23.500   996.49
0000024 2005092018 2005 09 20 18  278.250   23.500   992.95
0000024 2005092100 2005 09 21 00  277.000   23.250   987.83
0000024 2005092106 2005 09 21 06  276.250   23.250   983.13
0000024 2005092112 2005 09 21 12  275.500   24.000   978.95
0000025 2005091512 2005 09 15 12  307.750   10.250  1015.19
0000025 2005091518 2005 09 15 18  308.250   11.000  1009.23
0000025 2005091600 2005 09 16 00  307.750   12.000  1011.33
0000025 2005091606 2005 09 16 06  308.000   11.500  1009.20
0000025 2005091612 2005 09 16 12  307.250   12.750  1008.95
0000025 2005091618 2005 09 16 18  306.500   13.500  1007.50
0000025 2005091700 2005 09 17 00  305.250   13.500  1007.11
0000025 2005091706 2005 09 17 06  305.250   14.500  1005.24
0000025 2005091712 2005 09 17 12  304.750   15.250  1005.01
0000025 2005091718 2005 09 17 18  304.250   16.000  1002.91
0000025 2005091800 2005 09 18 00  303.750   16.750  1002.74
0000025 2005091806 2005 09 18 06  303.000   17.250   999.65
0000025 2005091812 2005 09 18 12  302.750   18.000   999.73
0000025 2005091818 2005 09 18 18  302.250   18.500   998.17
0000025 2005091900 2005 09 19 00  301.000   19.250   997.54
0000025 2005091906 2005 09 19 06  300.000   19.250   997.27
0000025 2005091912 2005 09 19 12  299.000   19.500   998.73
0000025 2005091918 2005 09 19 18  298.500   19.750   995.84
0000025 2005092000 2005 09 20 00  298.250   20.000   995.57
0000025 2005092006 2005 09 20 06  297.250   20.000   994.69
0000025 2005092012 2005 09 20 12  297.250   20.000   996.04
0000025 2005092018 2005 09 20 18  297.500   20.250   995.62
0000025 2005092100 2005 09 21 00  297.000   20.250   993.69
0000025 2005092106 2005 09 21 06  297.250   20.250   992.93
0000025 2005092112 2005 09 21 12  296.750   20.250   993.46
0000025 2005092118 2005 09 21 18  296.750   20.750   993.01
0000025 2005092200 2005 09 22 00  296.500   20.750   994.77
0000025 2005092206 2005 09 22 06  296.500   21.250   993.71
0000025 2005092212 2005 09 22 12  296.500   21.750   995.13
0000025 2005092218 2005 09 22 18  296.750   22.500   994.41
0000025 2005092300 2005 09 23 00  297.000   23.750   996.14
0000025 2005092306 2005 09 23 06  297.000   25.000   997.03
0000025 2005092312 2005 09 23 12  297.000   25.500   999.87
0000025 2005092318 2005 09 23 18  297.750   25.500  1000.45
0000025 2005092400 2005 09 24 00  298.250   26.500  1003.83
0000026 2005101106 2005 10 11 06  295.000   24.750  1004.72
0000026 2005101112 2005 10 11 12  293.500   25.000  1003.80
0000026 2005101118 2005 10 11 18  292.500   25.000  1002.74
0000026 2005101200 2005 10 12 00  292.000   25.000  1003.01
0000026 2005101206 2005 10 12 06  292.000   25.500  1003.03
0000026 2005101212 2005 10 12 12  292.250   26.000  1005.00
0000026 2005101218 2005 10 12 18  292.250   26.000  1003.54
0000026 2005101300 2005 10 13 00  292.000   25.750  1004.99
0000026 2005101306 2005 10 13 06  291.500   25.250  1004.79
0000026 2005101312 2005 10 13 12  291.000   24.500  1005.21
0000026 2005101318 2005 10 13 18  290.250   23.750  1004.92
0000027 2005101212 2005 10 12 12  289.000   21.250  1005.03
0000027 2005101218 2005 10 12 18  288.750   21.250  1003.80
0000027 2005101300 2005 10 13 00  288.250   21.000  1004.03
0000027 2005101306 2005 10 13 06  287.750   21.250  1003.68
0000027 2005101312 2005 10 13 12  288.000   21.000  1004.16
0000027 2005101318 2005 10 13 18  287.750   21.000  1003.23
0000027 2005101400 2005 10 14 00  287.250   20.250  1004.65
0000027 2005101406 2005 10 14 06  287.000   19.000  1004.94
0000027 2005101412 2005 10 14 12  286.750   17.750  1006.72
0000027 2005101418 2005 10 14 18  287.000   19.250  1005.81
0000027 2005101500 2005 10 15 00  287.000   17.750  1006.56
0000027 2005101506 2005 10 15 06  286.500   17.500  1005.99
0000027 2005101512 2005 10 15 12  286.750   17.250  1006.95
0000027 2005101518 2005 10 15 18  286.250   18.000  1006.48
0000027 2005101600 2005 10 16 00  286.250   17.500  1007.40
0000027 2005101606 2005 10 16 06  285.250   19.000  1007.10
0000027 2005101612 2005 10 16 12  284.750   18.750  1007.98
0000027 2005101618 2005 10 16 18  284.250   18.750  1007.28
0000027 2005101700 2005 10 17 00  284.500   17.750  1006.91
0000027 2005101706 2005 10 17 06  284.250   19.000  1006.66
0000027 2005101712 2005 10 17 12  283.750   18.750  1006.08
0000027 2005101718 2005 10 17 18  283.000   18.750  1005.71
0000027 2005101800 2005 10 18 00  281.750   18.750  1005.17
0000027 2005101806 2005 10 18 06  280.750   18.000  1003.99
0000027 2005101812 2005 10 18 12  279.750   17.750  1004.42
0000027 2005101818 2005 10 18 18  278.500   18.000  1005.25
0000027 2005101900 2005 10 19 00  277.500   18.000  1003.88
0000027 2005101906 2005 10 19 06  276.500   17.500  1004.29
0000027 2005101912 2005 10 19 12  276.000   16.750  1005.25
0000027 2005101918 2005 10 19 18  275.250   16.250  1004.64
0000028 2005102606 2005 10 26 06  280.750   10.500  1010.35
0000028 2005102612 2005 10 26 12  279.250   11.000  1009.34
0000028 2005102618 2005 10 26 18  280.000   12.250  1009.53
0000028 2005102700 2005 10 27 00  279.000   11.250  1008.02
0000028 2005102706 2005 10 27 06  279.000   12.000  1008.97
0000028 2005102712 2005 10 27 12  278.750   11.500  1007.82
0000028 2005102718 2005 10 27 18  279.000   11.750  1007.12
0000028 2005102800 2005 10 28 00  279.500   12.500  1005.76
0000028 2005102806 2005 10 28 06  279.250   12.500  1005.44
0000028 2005102812 2005 10 28 12  279.250   12.750  1003.80
0000028 2005102818 2005 10 28 18  279.500   12.750  1002.57
0000028 2005102900 2005 10 29 00  279.750   13.250  1000.71
0000028 2005102906 2005 10 29 06  279.750   13.500  1000.16
0000028 2005102912 2005 10 29 12  279.750   13.500   997.70
0000028 2005102918 2005 10 29 18  279.250   14.000   996.23
0000028 2005103000 2005 10 30 00  279.000   14.000   993.94
0000028 2005103006 2005 10 30 06  278.250   14.250   994.32
0000028 2005103012 2005 10 30 12  277.750   14.000   992.14
0000028 2005103018 2005 10 30 18  277.250   13.750   993.02
0000028 2005103100 2005 10 31 00  276.500   13.000   992.03
0000028 2005103106 2005 10 31 06  276.500   12.750   995.96
0000028 2005103112 2005 10 31 12  276.250   12.750   999.37
0000028 2005103118 2005 10 31 18  275.750   13.250  1005.15
