0000001 2004060512 2004 06 05 12  288.250   10.000  1010.09
0000001 2004060518 2004 06 05 18  288.750   10.750  1008.97
0000001 2004060600 2004 06 06 00  288.250    9.250  1009.15
0000001 2004060606 2004 06 06 06  288.500    9.750  1010.36
0000001 2004060612 2004 06 06 12  288.000    9.750  1011.34
0000001 2004060618 2004 06 06 18  288.750   10.750  1010.05
0000001 2004060700 2004 06 07 00  288.500   10.500  1009.43
0000002 2004060818 2004 06 08 18  288.750   10.750  1008.83
0000002 2004060900 2004 06 09 00  288.500   10.000  1009.22
0000002 2004060906 2004 06 09 06  288.250   10.000  1010.07
0000002 2004060912 2004 06 09 12  288.500    9.750  1010.97
0000002 2004060918 2004 06 09 18  288.750   10.750  1008.88
0000002 2004061000 2004 06 10 00  288.500    9.500  1008.68
0000002 2004061006 2004 06 10 06  288.250   10.000  1010.17
0000002 2004061012 2004 06 10 12  288.250   10.250  1011.11
0000002 2004061018 2004 06 10 18  288.000    8.750  1007.98
0000002 2004061100 2004 06 11 00  288.500   10.000  1007.79
0000002 2004061106 2004 06 11 06  288.250   10.000  1009.61
0000002 2004061112 2004 06 11 12  288.250   10.000  1011.01
0000002 2004061118 2004 06 11 18  288.000    8.750  1008.11
0000002 2004061200 2004 06 12 00  288.500   10.250  1007.51
0000002 2004061206 2004 06 12 06  288.500   10.000  1009.34
0000002 2004061212 2004 06 12 12  288.250   10.250  1011.38
0000002 2004061218 2004 06 12 18  288.000    8.750  1009.01
0000002 2004061300 2004 06 13 00  288.500   10.000  1008.73
0000002 2004061306 2004 06 13 06  288.250   10.250  1010.43
0000002 2004061312 2004 06 13 12  288.750    9.750  1011.95
0000002 2004061318 2004 06 13 18  288.750   11.000  1008.72
0000002 2004061400 2004 06 14 00  288.250   10.000  1008.12
0000002 2004061406 2004 06 14 06  288.250   11.000  1009.68
0000002 2004061412 2004 06 14 12  288.250   11.000  1010.72
0000002 2004061418 2004 06 14 18  288.750   10.750  1007.42
0000002 2004061500 2004 06 15 00  288.500    9.500  1007.66
0000002 2004061506 2004 06 15 06  288.750    9.750  1009.45
0000002 2004061512 2004 06 15 12  288.250   10.250  1010.34
0000002 2004061518 2004 06 15 18  288.750   10.750  1004.42
0000002 2004061600 2004 06 16 00  288.750    9.750  1006.64
0000002 2004061606 2004 06 16 06  288.500   10.750  1008.56
0000003 2004061806 2004 06 18 06  288.500   10.250  1009.26
0000003 2004061812 2004 06 18 12  288.500   10.250  1010.64
0000003 2004061818 2004 06 18 18  288.750   10.750  1007.83
0000003 2004061900 2004 06 19 00  288.750    9.750  1008.19
0000003 2004061906 2004 06 19 06  288.250   10.500  1010.20
0000003 2004061912 2004 06 19 12  288.500    9.750  1010.83
0000003 2004061918 2004 06 19 18  288.000    8.750  1008.44
0000003 2004062000 2004 06 20 00  288.250    9.250  1008.63
0000003 2004062006 2004 06 20 06  288.750    9.750  1010.27
0000003 2004062012 2004 06 20 12  288.250   10.000  1010.80
0000003 2004062018 2004 06 20 18  288.000   10.250  1008.52
0000003 2004062100 2004 06 21 00  288.250    9.250  1008.28
0000003 2004062106 2004 06 21 06  288.250   10.250  1010.25
0000003 2004062112 2004 06 21 12  288.250   10.250  1010.35
0000003 2004062118 2004 06 21 18  288.000    8.750  1007.30
0000003 2004062200 2004 06 22 00  288.500    9.750  1007.22
0000003 2004062206 2004 06 22 06  288.500   10.000  1009.51
0000004 2004070300 2004 07 03 00  288.750   10.000  1006.80
0000004 2004070306 2004 07 03 06  288.250    9.750  1008.71
0000004 2004070312 2004 07 03 12  288.000    9.500  1009.38
0000004 2004070318 2004 07 03 18  286.250    9.750  1005.81
0000004 2004070400 2004 07 04 00  285.500   10.750  1005.98
0000004 2004070406 2004 07 04 06  284.750   10.750  1008.40
0000004 2004070412 2004 07 04 12  283.250   10.500  1008.37
0000004 2004070418 2004 07 04 18  281.750   10.500  1009.57
0000004 2004070500 2004 07 05 00  281.000   10.250  1008.95
0000005 2004070500 2004 07 05 00  288.750    9.500  1007.60
0000005 2004070506 2004 07 05 06  288.500   10.000  1010.73
0000005 2004070512 2004 07 05 12  288.000   10.000  1012.10
0000005 2004070518 2004 07 05 18  286.500    9.750  1008.80
0000005 2004070600 2004 07 06 00  288.250   10.000  1009.11
0000005 2004070606 2004 07 06 06  288.500   10.000  1011.25
0000005 2004070612 2004 07 06 12  288.250   10.000  1011.37
0000006 2004071206 2004 07 12 06  288.250   10.000  1008.36
0000006 2004071212 2004 07 12 12  288.000    9.750  1009.42
0000006 2004071218 2004 07 12 18  286.250    9.750  1006.79
0000006 2004071300 2004 07 13 00  288.000    9.250  1007.24
0000006 2004071306 2004 07 13 06  288.750    9.750  1008.69
0000006 2004071312 2004 07 13 12  288.000    9.750  1009.47
0000006 2004071318 2004 07 13 18  286.250    9.750  1007.08
0000006 2004071400 2004 07 14 00  285.500   10.750  1007.05
0000006 2004071406 2004 07 14 06  284.250   10.500  1008.97
0000006 2004071412 2004 07 14 12  282.750   10.000  1008.68
0000007 2004071400 2004 07 14 00  288.500   10.250  1006.94
0000007 2004071406 2004 07 14 06  288.000    9.750  1008.91
0000007 2004071412 2004 07 14 12  287.750    9.500  1010.06
0000007 2004071418 2004 07 14 18  286.250    9.750  1006.14
0000007 2004071500 2004 07 15 00  285.500   10.750  1006.65
0000007 2004071506 2004 07 15 06  284.500   10.750  1008.27
0000007 2004071512 2004 07 15 12  283.000   10.000  1008.80
0000008 2004071500 2004 07 15 00  288.500   10.000  1006.50
0000008 2004071506 2004 07 15 06  288.250   10.000  1007.89
0000008 2004071512 2004 07 15 12  288.000    9.750  1009.42
0000008 2004071518 2004 07 15 18  286.500    9.750  1007.30
0000008 2004071600 2004 07 16 00  285.250    9.000  1008.53
0000009 2004072218 2004 07 22 18  288.000    8.750  1007.31
0000009 2004072300 2004 07 23 00  288.750    9.500  1007.17
0000009 2004072306 2004 07 23 06  288.500   10.750  1008.54
0000009 2004072312 2004 07 23 12  288.250   10.000  1009.67
0000009 2004072318 2004 07 23 18  288.000    8.750  1006.74
0000009 2004072400 2004 07 24 00  288.000    9.250  1006.92
0000009 2004072406 2004 07 24 06  288.250   10.250  1008.73
0000009 2004072412 2004 07 24 12  288.250   10.000  1010.02
0000009 2004072418 2004 07 24 18  288.000    8.750  1007.62
0000009 2004072500 2004 07 25 00  288.750    9.750  1007.30
0000009 2004072506 2004 07 25 06  288.500   10.000  1008.80
0000009 2004072512 2004 07 25 12  288.250   10.000  1010.31
0000009 2004072518 2004 07 25 18  288.000    8.750  1007.48
0000009 2004072600 2004 07 26 00  288.500    9.500  1007.72
0000009 2004072606 2004 07 26 06  288.500   10.250  1009.02
0000009 2004072612 2004 07 26 12  288.250   10.000  1010.15
0000009 2004072618 2004 07 26 18  286.500    9.750  1007.90
0000009 2004072700 2004 07 27 00  285.500   10.750  1008.21
0000009 2004072706 2004 07 27 06  284.750   11.000  1009.63
0000010 2004072700 2004 07 27 00  288.250    9.250  1008.22
0000010 2004072706 2004 07 27 06  288.250   10.000  1009.66
0000010 2004072712 2004 07 27 12  288.250   10.250  1010.29
0000010 2004072718 2004 07 27 18  288.000    8.750  1006.76
0000010 2004072800 2004 07 28 00  288.500   10.000  1007.16
0000010 2004072806 2004 07 28 06  288.500   10.750  1008.91
0000010 2004072812 2004 07 28 12  288.250   11.000  1010.35
0000010 2004072818 2004 07 28 18  287.500    9.500  1007.34
0000010 2004072900 2004 07 29 00  288.000    9.000  1007.10
0000010 2004072906 2004 07 29 06  288.500   10.250  1009.66
0000010 2004072912 2004 07 29 12  288.250   11.000  1009.90
0000010 2004072918 2004 07 29 18  287.750   12.000  1007.18
0000011 2004080200 2004 08 02 00  288.750    9.750  1007.79
0000011 2004080206 2004 08 02 06  288.250    9.750  1008.57
0000011 2004080212 2004 08 02 12  288.000    9.750  1009.73
0000011 2004080218 2004 08 02 18  286.250    9.750  1006.72
0000011 2004080300 2004 08 03 00  285.500   10.750  1006.61
0000011 2004080306 2004 08 03 06  284.250   10.500  1007.89
0000011 2004080312 2004 08 03 12  283.250   10.000  1008.47
0000012 2004080300 2004 08 03 00  288.750    9.750  1006.65
0000012 2004080306 2004 08 03 06  288.250   10.000  1007.79
0000012 2004080312 2004 08 03 12  288.250    9.750  1009.29
0000012 2004080318 2004 08 03 18  287.500    9.250  1006.85
0000012 2004080400 2004 08 04 00  288.750    9.750  1006.52
0000012 2004080406 2004 08 04 06  288.250   10.250  1008.12
0000012 2004080412 2004 08 04 12  288.250   10.000  1009.65
0000012 2004080418 2004 08 04 18  286.500   10.000  1006.47
0000012 2004080500 2004 08 05 00  285.500   10.750  1006.66
0000012 2004080506 2004 08 05 06  284.250   10.500  1008.23
0000012 2004080512 2004 08 05 12  283.000   10.000  1008.47
0000013 2004080500 2004 08 05 00  288.500   10.250  1006.87
0000013 2004080506 2004 08 05 06  288.250   10.000  1008.06
0000013 2004080512 2004 08 05 12  288.250   10.250  1008.62
0000013 2004080518 2004 08 05 18  287.750    9.250  1006.12
0000013 2004080600 2004 08 06 00  288.750    9.750  1007.39
0000013 2004080606 2004 08 06 06  288.500   11.000  1009.34
0000013 2004080612 2004 08 06 12  288.000   11.250  1010.28
0000014 2004080618 2004 08 06 18  288.000    9.000  1007.45
0000014 2004080700 2004 08 07 00  288.750    9.750  1007.52
0000014 2004080706 2004 08 07 06  288.500   10.000  1010.00
0000014 2004080712 2004 08 07 12  288.250   10.250  1010.80
0000014 2004080718 2004 08 07 18  288.000    9.000  1007.39
0000014 2004080800 2004 08 08 00  288.500    9.750  1006.88
0000014 2004080806 2004 08 08 06  288.250   10.500  1008.64
0000014 2004080812 2004 08 08 12  288.500    9.750  1010.39
0000015 2004081006 2004 08 10 06  288.250   10.000  1007.59
0000015 2004081012 2004 08 10 12  288.500   10.000  1009.11
0000015 2004081018 2004 08 10 18  287.750    9.250  1006.51
0000015 2004081100 2004 08 11 00  288.750    9.750  1007.46
0000015 2004081106 2004 08 11 06  288.750   11.000  1009.54
0000016 2004081200 2004 08 12 00  288.500   10.000  1008.42
0000016 2004081206 2004 08 12 06  288.500   10.000  1009.70
0000016 2004081212 2004 08 12 12  288.250   10.250  1010.96
0000016 2004081218 2004 08 12 18  287.750    9.000  1008.08
0000016 2004081300 2004 08 13 00  288.500    9.500  1007.81
0000016 2004081306 2004 08 13 06  288.500   10.250  1009.41
0000016 2004081312 2004 08 13 12  288.250   10.250  1010.37
0000017 2004081218 2004 08 12 18  278.000   19.500  1013.72
0000017 2004081300 2004 08 13 00  277.250   20.500  1011.30
0000017 2004081306 2004 08 13 06  277.000   21.750  1010.11
0000017 2004081312 2004 08 13 12  276.750   22.500  1008.54
0000017 2004081318 2004 08 13 18  277.500   23.750  1010.32
0000017 2004081400 2004 08 14 00  277.750   25.250  1010.82
0000017 2004081406 2004 08 14 06  277.250   25.500  1013.76
0000018 2004081600 2004 08 16 00  288.500   10.000  1008.08
0000018 2004081606 2004 08 16 06  288.250   10.000  1006.14
0000018 2004081612 2004 08 16 12  288.500   10.500  1008.08
0000018 2004081618 2004 08 16 18  287.750    9.250  1005.77
0000018 2004081700 2004 08 17 00  288.750    9.750  1006.89
0000019 2004081712 2004 08 17 12  288.750    9.750  1009.21
0000019 2004081718 2004 08 17 18  288.000    8.750  1005.71
0000019 2004081800 2004 08 18 00  288.750    9.750  1006.77
0000019 2004081806 2004 08 18 06  288.250   10.250  1008.34
0000019 2004081812 2004 08 18 12  288.250   10.250  1009.39
0000019 2004081818 2004 08 18 18  288.000    8.750  1006.43
0000019 2004081900 2004 08 19 00  288.500   10.000  1007.11
0000019 2004081906 2004 08 19 06  288.500   10.250  1009.17
0000019 2004081912 2004 08 19 12  288.250   10.250  1011.04
0000020 2004082400 2004 08 24 00  288.500   10.000  1006.25
0000020 2004082406 2004 08 24 06  288.250   10.000  1007.89
0000020 2004082412 2004 08 24 12  288.250   10.000  1009.49
0000020 2004082418 2004 08 24 18  287.750    9.000  1006.99
0000020 2004082500 2004 08 25 00  288.750    9.500  1008.17
0000020 2004082506 2004 08 25 06  288.250   10.250  1009.36
0000020 2004082512 2004 08 25 12  288.000   10.000  1010.25
0000020 2004082518 2004 08 25 18  288.000    8.750  1007.31
0000020 2004082600 2004 08 26 00  288.750    9.750  1007.56
0000020 2004082606 2004 08 26 06  288.250   10.000  1009.10
0000020 2004082612 2004 08 26 12  288.000   10.000  1010.41
0000020 2004082618 2004 08 26 18  286.250    9.750  1006.99
0000021 2004082700 2004 08 27 00  312.500   14.000  1011.41
0000021 2004082706 2004 08 27 06  311.500   13.750  1008.56
0000021 2004082712 2004 08 27 12  310.750   14.250  1009.82
0000021 2004082718 2004 08 27 18  309.500   14.750  1007.78
0000021 2004082800 2004 08 28 00  308.750   15.250  1008.33
0000021 2004082806 2004 08 28 06  308.000   15.000  1006.10
0000021 2004082812 2004 08 28 12  308.000   16.250  1005.91
0000021 2004082818 2004 08 28 18  307.500   17.250  1002.28
0000021 2004082900 2004 08 29 00  306.500   17.500   998.99
0000021 2004082906 2004 08 29 06  306.000   18.000   993.55
0000021 2004082912 2004 08 29 12  305.000   18.250   992.09
0000021 2004082918 2004 08 29 18  304.500   18.250   988.50
0000021 2004083000 2004 08 30 00  303.750   18.500   985.52
0000021 2004083006 2004 08 30 06  303.000   18.750   983.27
0000021 2004083012 2004 08 30 12  301.750   19.000   981.45
0000021 2004083018 2004 08 30 18  300.750   19.250   976.51
0000021 2004083100 2004 08 31 00  299.500   19.500   975.61
0000021 2004083106 2004 08 31 06  298.000   19.750   975.01
0000021 2004083112 2004 08 31 12  296.500   20.250   972.95
0000021 2004083118 2004 08 31 18  294.750   20.750   969.85
0000021 2004090100 2004 09 01 00  293.250   21.000   972.76
0000021 2004090106 2004 09 01 06  292.000   21.250   970.43
0000021 2004090112 2004 09 01 12  290.500   21.500   969.11
0000021 2004090118 2004 09 01 18  289.250   21.500   966.38
0000021 2004090200 2004 09 02 00  288.250   22.000   962.45
0000021 2004090206 2004 09 02 06  287.250   22.250   964.39
0000021 2004090212 2004 09 02 12  286.500   22.750   965.12
0000021 2004090218 2004 09 02 18  285.500   23.250   961.26
0000021 2004090300 2004 09 03 00  284.750   23.750   958.27
0000021 2004090306 2004 09 03 06  284.250   24.250   957.21
0000021 2004090312 2004 09 03 12  283.500   24.750   958.12
0000021 2004090318 2004 09 03 18  283.000   25.250   958.63
0000021 2004090400 2004 09 04 00  282.750   25.500   959.65
0000021 2004090406 2004 09 04 06  282.250   26.000   966.81
0000021 2004090412 2004 09 04 12  281.500   26.750   976.41
0000022 2004082800 2004 08 28 00  288.500    9.500  1007.69
0000022 2004082806 2004 08 28 06  288.500   10.000  1008.59
0000022 2004082812 2004 08 28 12  288.250   10.000  1009.18
0000022 2004082818 2004 08 28 18  287.750    9.250  1006.25
0000022 2004082900 2004 08 29 00  288.750    9.500  1006.71
0000022 2004082906 2004 08 29 06  288.500   10.250  1008.54
0000022 2004082912 2004 08 29 12  288.250   10.250  1009.17
0000022 2004082918 2004 08 29 18  288.000    8.750  1007.07
0000022 2004083000 2004 08 30 00  288.250    9.250  1008.64
0000022 2004083006 2004 08 30 06  288.500   10.000  1010.54
0000022 2004083012 2004 08 30 12  288.250   10.250  1011.12
0000022 2004083018 2004 08 30 18  288.000    8.750  1007.75
0000022 2004083100 2004 08 31 00  288.500    9.500  1008.31
0000022 2004083106 2004 08 31 06  288.500   10.000  1010.27
0000022 2004083112 2004 08 31 12  288.500   10.250  1010.32
0000022 2004083118 2004 08 31 18  287.750    8.750  1007.14
0000022 2004090100 2004 09 01 00  287.750    8.750  1010.97
0000022 2004090106 2004 09 01 06  288.750    9.750  1011.39
0000022 2004090112 2004 09 01 12  288.750    9.750  1011.50
0000022 2004090118 2004 09 01 18  287.750    8.750  1007.30
0000022 2004090200 2004 09 02 00  288.000    9.250  1006.64
0000022 2004090206 2004 09 02 06  288.500   10.750  1007.85
0000022 2004090212 2004 09 02 12  288.500   10.000  1008.24
0000022 2004090218 2004 09 02 18  287.750    9.000  1004.75
0000022 2004090300 2004 09 03 00  288.750    9.750  1004.35
0000022 2004090306 2004 09 03 06  288.250   10.250  1006.62
0000022 2004090312 2004 09 03 12  288.250   10.250  1007.30
0000022 2004090318 2004 09 03 18  287.750    9.000  1004.02
0000022 2004090400 2004 09 04 00  288.500   10.000  1004.00
0000022 2004090406 2004 09 04 06  288.500   10.250  1005.49
0000022 2004090412 2004 09 04 12  288.250   10.500  1007.48
0000022 2004090418 2004 09 04 18  287.750    9.250  1004.90
0000022 2004090500 2004 09 05 00  288.500    9.250  1006.29
0000023 2004090518 2004 09 05 18  288.000    8.750  1006.40
0000023 2004090600 2004 09 06 00  288.750    9.750  1006.12
0000023 2004090606 2004 09 06 06  288.500   10.250  1008.95
0000023 2004090612 2004 09 06 12  288.250   10.250  1009.79
0000023 2004090618 2004 09 06 18  287.750    9.000  1006.61
0000023 2004090700 2004 09 07 00  288.750    9.750  1006.33
0000023 2004090706 2004 09 07 06  288.500    9.750  1007.63
0000023 2004090712 2004 09 07 12  288.500    9.750  1008.15
0000023 2004090718 2004 09 07 18  288.000    9.000  1005.39
0000023 2004090800 2004 09 08 00  287.750    9.500  1006.18
0000023 2004090806 2004 09 08 06  288.500    9.750  1007.64
0000023 2004090812 2004 09 08 12  288.250    9.500  1008.36
0000024 2004090606 2004 09 06 06  309.000   10.500  1001.05
0000024 2004090612 2004 09 06 12  307.250   11.000  1000.92
0000024 2004090618 2004 09 06 18  305.500   11.250   997.59
0000024 2004090700 2004 09 07 00  304.000   11.250   998.76
0000024 2004090706 2004 09 07 06  302.250   11.000   994.95
0000024 2004090712 2004 09 07 12  300.500   11.250   993.70
0000024 2004090718 2004 09 07 18  299.000   11.750   992.13
0000024 2004090800 2004 09 08 00  297.500   12.250   992.06
0000024 2004090806 2004 09 08 06  295.750   12.500   989.13
0000024 2004090812 2004 09 08 12  294.250   12.750   987.14
0000024 2004090818 2004 09 08 18  292.750   13.000   984.31
0000024 2004090900 2004 09 09 00  291.500   13.250   984.04
0000024 2004090906 2004 09 09 06  290.000   13.500   984.76
0000024 2004090912 2004 09 09 12  289.000   14.000   983.25
0000024 2004090918 2004 09 09 18  287.750   15.000   980.61
0000024 2004091000 2004 09 10 00  286.750   15.250   978.10
0000024 2004091006 2004 09 10 06  286.000   15.750   974.53
0000024 2004091012 2004 09 10 12  285.000   16.250   971.74
0000024 2004091018 2004 09 10 18  284.000   16.750   970.94
0000024 2004091100 2004 09 11 00  283.500   17.000   966.35
0000024 2004091106 2004 09 11 06  282.000   17.500   963.41
0000024 2004091112 2004 09 11 12  281.250   17.500   960.23
0000024 2004091118 2004 09 11 18  280.750   17.750   958.09
0000024 2004091200 2004 09 12 00  279.750   17.750   957.01
0000024 2004091206 2004 09 12 06  279.250   18.000   954.72
0000024 2004091212 2004 09 12 12  278.500   18.500   952.04
0000024 2004091218 2004 09 12 18  278.000   18.750   951.61
0000024 2004091300 2004 09 13 00  277.500   19.250   950.92
0000024 2004091306 2004 09 13 06  277.000   20.000   952.24
0000024 2004091312 2004 09 13 12  276.000   20.750   952.18
0000024 2004091318 2004 09 13 18  275.500   21.250   952.41
0000025 2004091418 2004 09 14 18  288.000    8.750  1007.02
0000025 2004091500 2004 09 15 00  288.000    9.500  1006.89
0000025 2004091506 2004 09 15 06  288.750   10.000  1009.36
0000025 2004091512 2004 09 15 12  288.500   10.500  1010.88
0000025 2004091518 2004 09 15 18  288.000   12.000  1005.48
0000026 2004091912 2004 09 19 12  289.750   22.750  1010.97
0000026 2004091918 2004 09 19 18  289.750   24.000  1009.07
0000026 2004092000 2004 09 20 00  289.750   25.000  1007.32
0000026 2004092006 2004 09 20 06  289.000   26.500  1005.27
0000026 2004092012 2004 09 20 12  287.750   26.500  1000.30
0000027 2004092100 2004 09 21 00  312.750   18.500   978.61
0000027 2004092106 2004 09 21 06  312.250   19.250   972.20
0000027 2004092112 2004 09 21 12  312.000   20.250   970.05
0000027 2004092118 2004 09 21 18  311.750   21.750   964.46
0000027 2004092200 2004 09 22 00  311.000   23.250   966.65
0000027 2004092206 2004 09 22 06  310.750   24.750   966.79
0000027 2004092212 2004 09 22 12  310.750   26.000   970.66
0000028 2004092306 2004 09 23 06  290.750   25.750   976.79
0000028 2004092312 2004 09 23 12  290.500   25.500   975.93
0000028 2004092318 2004 09 23 18  290.250   25.750   972.80
0000028 2004092400 2004 09 24 00  289.750   26.000   973.58
0000028 2004092406 2004 09 24 06  289.000   26.250   977.96
0000028 2004092412 2004 09 24 12  288.000   26.250   979.17
0000028 2004092418 2004 09 24 18  286.750   26.250   980.40
0000028 2004092500 2004 09 25 00  285.750   26.500   981.54
0000028 2004092506 2004 09 25 06  284.250   26.500   983.65
0000028 2004092512 2004 09 25 12  283.000   26.500   981.71
0000029 2004100100 2004 10 01 00  292.250    8.000  1009.64
0000029 2004100106 2004 10 01 06  291.000    8.000  1011.44
0000029 2004100112 2004 10 01 12  292.250    8.000  1012.29
0000029 2004100118 2004 10 01 18  292.750    8.500  1009.34
0000029 2004100200 2004 10 02 00  292.250    8.750  1009.75
0000029 2004100206 2004 10 02 06  291.500    8.000  1011.17
0000029 2004100212 2004 10 02 12  292.250    8.000  1012.79
0000029 2004100218 2004 10 02 18  292.750    8.500  1008.65
0000029 2004100300 2004 10 03 00  292.000    9.000  1008.99
0000029 2004100306 2004 10 03 06  293.000    8.000  1010.31
0000029 2004100312 2004 10 03 12  292.500    8.000  1010.83
0000029 2004100318 2004 10 03 18  292.750    8.500  1007.21
0000030 2004100400 2004 10 04 00  288.750   10.000  1004.93
0000030 2004100406 2004 10 04 06  288.500    9.750  1006.78
0000030 2004100412 2004 10 04 12  288.250    9.750  1008.43
0000030 2004100418 2004 10 04 18  288.000    8.750  1005.93
0000030 2004100500 2004 10 05 00  288.750    9.750  1007.62
0000030 2004100506 2004 10 05 06  288.500   10.000  1009.03
0000030 2004100512 2004 10 05 12  288.250   10.000  1009.55
0000030 2004100518 2004 10 05 18  288.000    8.750  1007.22
0000030 2004100600 2004 10 06 00  288.500    9.250  1008.45
0000030 2004100606 2004 10 06 06  288.750    9.750  1009.99
0000030 2004100612 2004 10 06 12  288.500   10.000  1010.53
0000030 2004100618 2004 10 06 18  288.000    8.750  1008.13
0000030 2004100700 2004 10 07 00  287.750    9.500  1008.60
0000030 2004100706 2004 10 07 06  288.750    9.750  1010.51
0000030 2004100712 2004 10 07 12  288.250   10.250  1011.46
0000030 2004100718 2004 10 07 18  288.000    8.750  1007.88
0000030 2004100800 2004 10 08 00  288.250    9.250  1008.67
0000030 2004100806 2004 10 08 06  288.750    9.750  1010.00
0000030 2004100812 2004 10 08 12  288.500   10.000  1010.71
0000030 2004100818 2004 10 08 18  288.000    8.750  1007.35
0000030 2004100900 2004 10 09 00  288.250    9.500  1007.12
0000030 2004100906 2004 10 09 06  288.750    9.750  1008.92
0000030 2004100912 2004 10 09 12  288.500   10.000  1010.05
0000030 2004100918 2004 10 09 18  287.750    8.750  1006.57
0000030 2004101000 2004 10 10 00  287.750    9.250  1006.58
0000030 2004101006 2004 10 10 06  288.750    9.750  1008.13
0000030 2004101012 2004 10 10 12  288.500    9.750  1009.50
0000030 2004101018 2004 10 10 18  288.000    8.750  1006.29
0000030 2004101100 2004 10 11 00  288.500    9.500  1006.15
0000030 2004101106 2004 10 11 06  288.500   10.750  1007.36
0000030 2004101112 2004 10 11 12  288.250   10.250  1009.04
0000030 2004101118 2004 10 11 18  288.000    8.750  1006.07
0000030 2004101200 2004 10 12 00  288.250    9.500  1006.03
0000030 2004101206 2004 10 12 06  288.500   10.250  1007.51
0000030 2004101212 2004 10 12 12  288.250   10.250  1009.46
0000030 2004101218 2004 10 12 18  288.000    8.750  1005.66
0000030 2004101300 2004 10 13 00  288.000    9.250  1006.84
0000030 2004101306 2004 10 13 06  288.750    9.750  1007.75
0000030 2004101312 2004 10 13 12  288.500   11.250  1009.81
0000031 2004101318 2004 10 13 18  287.750    8.750  1005.76
0000031 2004101400 2004 10 14 00  287.750    9.000  1005.92
0000031 2004101406 2004 10 14 06  288.750    9.750  1006.96
0000031 2004101412 2004 10 14 12  288.500   10.000  1008.28
0000031 2004101418 2004 10 14 18  288.000    8.750  1005.41
0000031 2004101500 2004 10 15 00  288.500    9.500  1005.71
0000031 2004101506 2004 10 15 06  288.500   10.000  1006.85
0000031 2004101512 2004 10 15 12  288.250   10.000  1008.73
0000031 2004101518 2004 10 15 18  288.000    8.750  1005.78
0000031 2004101600 2004 10 16 00  288.500   10.000  1005.42
0000031 2004101606 2004 10 16 06  288.500   10.000  1002.91
0000031 2004101612 2004 10 16 12  288.250   10.500  1005.95
0000031 2004101618 2004 10 16 18  288.000    8.750  1003.13
0000031 2004101700 2004 10 17 00  288.000   10.000  1005.42
0000031 2004101706 2004 10 17 06  289.000   11.250  1006.93
0000031 2004101712 2004 10 17 12  288.500   11.000  1007.86
0000032 2004102206 2004 10 22 06  301.500   22.500  1007.59
0000032 2004102212 2004 10 22 12  302.250   23.500  1006.95
0000032 2004102218 2004 10 22 18  303.250   24.750  1003.16
0000032 2004102300 2004 10 23 00  303.750   25.250  1005.74
0000032 2004102306 2004 10 23 06  304.500   26.000  1004.72
0000032 2004102312 2004 10 23 12  305.000   26.500  1006.79
