0000001 1996060118 1996 06 01 18  288.750   10.500  1008.61
0000001 1996060200 1996 06 02 00  288.750   10.000  1008.11
0000001 1996060206 1996 06 02 06  288.500   10.000  1009.45
0000001 1996060212 1996 06 02 12  288.250    9.750  1010.78
0000001 1996060218 1996 06 02 18  287.750   10.000  1009.12
0000001 1996060300 1996 06 03 00  287.750    9.250  1008.35
0000001 1996060306 1996 06 03 06  288.250   10.000  1009.70
0000001 1996060312 1996 06 03 12  288.000    9.750  1010.68
0000001 1996060318 1996 06 03 18  288.750   10.750  1008.15
0000001 1996060400 1996 06 04 00  288.500    9.500  1008.26
0000001 1996060406 1996 06 04 06  288.250    9.750  1009.79
0000001 1996060412 1996 06 04 12  288.500   10.000  1010.95
0000001 1996060418 1996 06 04 18  288.750   10.750  1008.31
0000001 1996060500 1996 06 05 00  288.250    9.250  1009.03
0000001 1996060506 1996 06 05 06  288.250   10.000  1010.49
0000001 1996060512 1996 06 05 12  288.000   10.000  1011.65
0000001 1996060518 1996 06 05 18  288.000    8.750  1009.37
0000001 1996060600 1996 06 06 00  288.000    9.250  1009.65
0000001 1996060606 1996 06 06 06  288.250   10.000  1010.43
0000001 1996060612 1996 06 06 12  288.500   10.000  1010.98
0000001 1996060618 1996 06 06 18  288.750   10.750  1007.49
0000001 1996060700 1996 06 07 00  288.500   10.750  1007.81
0000001 1996060706 1996 06 07 06  288.250   10.000  1008.90
0000001 1996060712 1996 06 07 12  288.250   10.000  1009.41
0000001 1996060718 1996 06 07 18  288.000    8.750  1006.99
0000001 1996060800 1996 06 08 00  287.750    9.250  1007.55
0000001 1996060806 1996 06 08 06  288.250   11.000  1009.86
0000001 1996060812 1996 06 08 12  288.500    9.750  1010.95
0000001 1996060818 1996 06 08 18  288.750   10.750  1008.13
0000001 1996060900 1996 06 09 00  288.500   10.250  1008.43
0000001 1996060906 1996 06 09 06  288.250   10.000  1010.48
0000002 1996061500 1996 06 15 00  288.750   10.750  1006.53
0000002 1996061506 1996 06 15 06  288.500   10.000  1007.76
0000002 1996061512 1996 06 15 12  288.250   10.000  1008.55
0000002 1996061518 1996 06 15 18  289.000   11.000  1003.09
0000002 1996061600 1996 06 16 00  288.750    9.750  1004.77
0000002 1996061606 1996 06 16 06  288.500   11.000  1006.86
0000002 1996061612 1996 06 16 12  288.250   11.000  1007.86
0000002 1996061618 1996 06 16 18  289.000   11.000  1005.58
0000002 1996061700 1996 06 17 00  288.750   10.750  1005.20
0000002 1996061706 1996 06 17 06  288.250   10.250  1006.94
0000002 1996061712 1996 06 17 12  288.000   10.250  1008.47
0000002 1996061718 1996 06 17 18  288.000   10.250  1006.78
0000002 1996061800 1996 06 18 00  288.000    9.250  1006.69
0000002 1996061806 1996 06 18 06  288.250   10.000  1008.92
0000002 1996061812 1996 06 18 12  288.250   10.000  1009.41
0000002 1996061818 1996 06 18 18  288.000    8.750  1006.50
0000002 1996061900 1996 06 19 00  288.250   10.000  1007.96
0000002 1996061906 1996 06 19 06  288.500   10.000  1009.93
0000002 1996061912 1996 06 19 12  288.250   10.250  1010.73
0000002 1996061918 1996 06 19 18  288.000    8.750  1008.22
0000003 1996062018 1996 06 20 18  288.000    8.750  1007.73
0000003 1996062100 1996 06 21 00  287.750    9.250  1007.32
0000003 1996062106 1996 06 21 06  288.250   10.250  1008.64
0000003 1996062112 1996 06 21 12  288.000   10.000  1010.04
0000003 1996062118 1996 06 21 18  288.000    8.750  1007.62
0000003 1996062200 1996 06 22 00  288.500    9.500  1008.19
0000003 1996062206 1996 06 22 06  288.750    9.750  1009.30
0000003 1996062212 1996 06 22 12  288.250   10.000  1010.34
0000003 1996062218 1996 06 22 18  288.000    8.750  1007.77
0000003 1996062300 1996 06 23 00  288.250    9.250  1008.16
0000003 1996062306 1996 06 23 06  288.250   10.250  1009.58
0000003 1996062312 1996 06 23 12  288.250   10.250  1011.33
0000003 1996062318 1996 06 23 18  288.000    8.750  1008.19
0000003 1996062400 1996 06 24 00  288.500   10.500  1008.43
0000003 1996062406 1996 06 24 06  288.250   10.000  1010.18
0000003 1996062412 1996 06 24 12  288.250   10.250  1011.50
0000003 1996062418 1996 06 24 18  288.000    8.750  1008.06
0000003 1996062500 1996 06 25 00  288.500   10.250  1008.46
0000003 1996062506 1996 06 25 06  288.250   10.000  1011.00
0000004 1996062518 1996 06 25 18  288.750   10.750  1008.91
0000004 1996062600 1996 06 26 00  288.750   10.750  1009.25
0000004 1996062606 1996 06 26 06  288.250   10.250  1010.23
0000004 1996062612 1996 06 26 12  288.000   10.000  1011.91
0000004 1996062618 1996 06 26 18  288.000    8.750  1009.56
0000004 1996062700 1996 06 27 00  288.250    9.250  1009.68
0000004 1996062706 1996 06 27 06  288.500   10.000  1010.38
0000004 1996062712 1996 06 27 12  288.500   10.000  1010.66
0000004 1996062718 1996 06 27 18  288.000    8.750  1008.32
0000004 1996062800 1996 06 28 00  288.750    9.750  1008.66
0000004 1996062806 1996 06 28 06  288.500    9.750  1010.30
0000004 1996062812 1996 06 28 12  288.250   10.000  1011.03
0000004 1996062818 1996 06 28 18  288.000    8.750  1009.32
0000005 1996062700 1996 06 27 00  280.250   10.750  1011.50
0000005 1996062706 1996 06 27 06  280.000   10.000  1011.53
0000005 1996062712 1996 06 27 12  278.500   10.500  1011.07
0000005 1996062718 1996 06 27 18  278.250   10.000  1010.99
0000005 1996062800 1996 06 28 00  277.750   10.000  1009.04
0000005 1996062806 1996 06 28 06  278.000   10.500  1008.51
0000005 1996062812 1996 06 28 12  277.500   10.750  1007.65
0000005 1996062818 1996 06 28 18  277.250   10.750  1007.69
0000005 1996062900 1996 06 29 00  277.000   10.750  1006.36
0000005 1996062906 1996 06 29 06  276.750   10.500  1009.04
0000005 1996062912 1996 06 29 12  276.500   10.750  1009.57
0000006 1996062900 1996 06 29 00  288.750   10.750  1009.92
0000006 1996062906 1996 06 29 06  288.000   10.250  1011.64
0000006 1996062912 1996 06 29 12  288.250   10.000  1011.77
0000006 1996062918 1996 06 29 18  289.000   10.750  1008.91
0000006 1996063000 1996 06 30 00  288.500   10.250  1009.47
0000006 1996063006 1996 06 30 06  288.250   10.250  1010.35
0000006 1996063012 1996 06 30 12  288.250   10.250  1011.37
0000006 1996063018 1996 06 30 18  289.000   11.000  1008.52
0000006 1996070100 1996 07 01 00  288.500    9.500  1012.73
0000006 1996070106 1996 07 01 06  288.500   10.000  1012.60
0000006 1996070112 1996 07 01 12  288.250   10.000  1013.22
0000006 1996070118 1996 07 01 18  287.750    8.750  1010.26
0000006 1996070200 1996 07 02 00  288.000    9.250  1010.50
0000006 1996070206 1996 07 02 06  288.500   10.250  1011.83
0000006 1996070212 1996 07 02 12  288.000   10.000  1013.07
0000006 1996070218 1996 07 02 18  288.750   10.750  1009.88
0000006 1996070300 1996 07 03 00  288.750   10.750  1010.33
0000006 1996070306 1996 07 03 06  288.250   10.000  1010.68
0000006 1996070312 1996 07 03 12  288.000   10.000  1011.85
0000006 1996070318 1996 07 03 18  288.000    8.750  1009.01
0000006 1996070400 1996 07 04 00  288.500   10.000  1009.50
0000006 1996070406 1996 07 04 06  288.250   10.250  1010.53
0000006 1996070412 1996 07 04 12  288.000   10.000  1012.21
0000006 1996070418 1996 07 04 18  287.750    8.750  1010.06
0000006 1996070500 1996 07 05 00  288.250    9.250  1010.03
0000006 1996070506 1996 07 05 06  288.500   10.000  1012.02
0000006 1996070512 1996 07 05 12  288.000   10.000  1013.62
0000006 1996070518 1996 07 05 18  288.000    8.750  1010.90
0000006 1996070600 1996 07 06 00  288.500   10.250  1009.56
0000006 1996070606 1996 07 06 06  288.000    9.500  1011.82
0000007 1996070618 1996 07 06 18  288.000    8.750  1010.14
0000007 1996070700 1996 07 07 00  288.750    9.750  1009.77
0000007 1996070706 1996 07 07 06  288.750    9.750  1010.59
0000007 1996070712 1996 07 07 12  288.500   10.000  1011.40
0000007 1996070718 1996 07 07 18  287.750    8.750  1008.64
0000007 1996070800 1996 07 08 00  288.250    9.750  1009.02
0000007 1996070806 1996 07 08 06  288.750    9.750  1010.35
0000007 1996070812 1996 07 08 12  288.750    9.750  1011.26
0000007 1996070818 1996 07 08 18  287.750    8.750  1008.00
0000007 1996070900 1996 07 09 00  288.000    9.500  1007.63
0000007 1996070906 1996 07 09 06  288.750    9.750  1010.11
0000007 1996070912 1996 07 09 12  288.750    9.750  1011.41
0000007 1996070918 1996 07 09 18  287.500    9.500  1007.84
0000007 1996071000 1996 07 10 00  288.250    9.500  1008.10
0000007 1996071006 1996 07 10 06  288.500   10.000  1010.67
0000007 1996071012 1996 07 10 12  288.500   10.000  1011.86
0000007 1996071018 1996 07 10 18  288.000    8.750  1008.90
0000007 1996071100 1996 07 11 00  288.500   10.000  1009.13
0000007 1996071106 1996 07 11 06  288.250   10.000  1010.29
0000007 1996071112 1996 07 11 12  288.000    9.750  1010.93
0000007 1996071118 1996 07 11 18  288.000    8.750  1007.57
0000007 1996071200 1996 07 12 00  288.500   10.000  1007.47
0000007 1996071206 1996 07 12 06  288.250   10.250  1008.74
0000007 1996071212 1996 07 12 12  288.250   10.250  1009.68
0000007 1996071218 1996 07 12 18  287.750    9.500  1007.61
0000007 1996071300 1996 07 13 00  288.500    9.250  1008.91
0000007 1996071306 1996 07 13 06  288.500   10.000  1010.25
0000007 1996071312 1996 07 13 12  288.250   10.250  1010.65
0000007 1996071318 1996 07 13 18  288.000    8.750  1007.28
0000007 1996071400 1996 07 14 00  288.250    9.250  1008.05
0000007 1996071406 1996 07 14 06  288.500   10.250  1009.61
0000007 1996071412 1996 07 14 12  288.000   10.000  1010.65
0000007 1996071418 1996 07 14 18  288.750   10.750  1007.99
0000008 1996071518 1996 07 15 18  288.000    8.750  1007.65
0000008 1996071600 1996 07 16 00  288.250   10.250  1008.64
0000008 1996071606 1996 07 16 06  288.250   10.250  1007.13
0000008 1996071612 1996 07 16 12  287.500   11.750  1009.05
0000008 1996071618 1996 07 16 18  287.250   11.500  1007.14
0000009 1996072612 1996 07 26 12  283.500   13.000  1008.53
0000009 1996072618 1996 07 26 18  281.750   12.750  1008.63
0000009 1996072700 1996 07 27 00  280.750   12.250  1007.44
0000009 1996072706 1996 07 27 06  279.250   11.750  1006.68
0000009 1996072712 1996 07 27 12  278.250   10.750  1005.86
0000009 1996072718 1996 07 27 18  278.250   11.000  1005.21
0000009 1996072800 1996 07 28 00  277.000   11.250  1005.81
0000009 1996072806 1996 07 28 06  276.000   11.750  1007.47
0000010 1996080600 1996 08 06 00  288.500   10.000  1007.63
0000010 1996080606 1996 08 06 06  288.250    9.750  1009.13
0000010 1996080612 1996 08 06 12  288.000    9.750  1009.19
0000010 1996080618 1996 08 06 18  288.000    9.000  1005.90
0000010 1996080700 1996 08 07 00  288.750    9.750  1007.11
0000010 1996080706 1996 08 07 06  288.250   10.000  1008.98
0000010 1996080712 1996 08 07 12  288.500    9.500  1010.40
0000010 1996080718 1996 08 07 18  288.000    8.750  1007.49
0000010 1996080800 1996 08 08 00  288.750    9.750  1007.30
0000010 1996080806 1996 08 08 06  288.250   10.000  1009.40
0000010 1996080812 1996 08 08 12  288.000    9.750  1010.97
0000010 1996080818 1996 08 08 18  288.000    9.000  1008.64
0000010 1996080900 1996 08 09 00  288.750    9.750  1008.51
0000010 1996080906 1996 08 09 06  288.250   10.000  1010.11
0000010 1996080912 1996 08 09 12  288.000    9.750  1011.08
0000010 1996080918 1996 08 09 18  286.500    9.750  1008.90
0000011 1996081018 1996 08 10 18  287.750    9.500  1008.85
0000011 1996081100 1996 08 11 00  288.500    9.500  1008.84
0000011 1996081106 1996 08 11 06  288.500   10.000  1010.84
0000011 1996081112 1996 08 11 12  288.250   10.000  1011.57
0000011 1996081118 1996 08 11 18  287.750    9.250  1009.46
0000011 1996081200 1996 08 12 00  288.500    9.500  1012.02
0000011 1996081206 1996 08 12 06  288.750    9.750  1013.97
0000012 1996082006 1996 08 20 06  288.500   10.000  1010.07
0000012 1996082012 1996 08 20 12  288.250   10.000  1010.33
0000012 1996082018 1996 08 20 18  288.000    8.750  1007.23
0000012 1996082100 1996 08 21 00  288.000    9.250  1007.00
0000012 1996082106 1996 08 21 06  288.250   10.250  1008.99
0000012 1996082112 1996 08 21 12  288.250   10.250  1009.52
0000012 1996082118 1996 08 21 18  288.000    8.750  1007.37
0000012 1996082200 1996 08 22 00  288.000    9.500  1006.69
0000012 1996082206 1996 08 22 06  288.000   10.000  1008.72
0000012 1996082212 1996 08 22 12  288.000   10.000  1010.61
0000012 1996082218 1996 08 22 18  288.000    8.750  1008.02
0000012 1996082300 1996 08 23 00  288.750    9.750  1007.63
0000012 1996082306 1996 08 23 06  288.250   10.000  1009.28
0000013 1996082506 1996 08 25 06  312.750   14.750  1001.43
0000013 1996082512 1996 08 25 12  311.750   15.750  1002.54
0000013 1996082518 1996 08 25 18  310.500   16.000  1001.64
0000013 1996082600 1996 08 26 00  309.000   16.500  1003.22
0000013 1996082606 1996 08 26 06  308.000   16.750  1001.47
0000013 1996082612 1996 08 26 12  306.500   17.000  1002.91
0000013 1996082618 1996 08 26 18  305.000   17.250  1001.59
0000013 1996082700 1996 08 27 00  304.250   17.500  1002.25
0000014 1996082706 1996 08 27 06  302.500   18.250   998.93
0000014 1996082712 1996 08 27 12  301.250   18.250   999.44
0000014 1996082718 1996 08 27 18  300.000   19.000   997.18
0000014 1996082800 1996 08 28 00  299.000   19.250   998.54
0000014 1996082806 1996 08 28 06  298.500   19.500  1003.28
0000015 1996082812 1996 08 28 12  296.750   20.750  1000.18
0000015 1996082818 1996 08 28 18  295.500   21.250   996.79
0000015 1996082900 1996 08 29 00  294.250   21.750   995.38
0000015 1996082906 1996 08 29 06  293.000   22.250   993.07
0000015 1996082912 1996 08 29 12  291.500   22.750   995.55
0000015 1996082918 1996 08 29 18  291.000   23.250   993.91
0000015 1996083000 1996 08 30 00  290.750   24.000   990.20
0000015 1996083006 1996 08 30 06  290.500   25.000   987.27
0000015 1996083012 1996 08 30 12  290.250   26.000   991.30
0000016 1996090118 1996 09 01 18  288.000    8.750  1006.13
0000016 1996090200 1996 09 02 00  288.500   10.000  1006.43
0000016 1996090206 1996 09 02 06  288.250    9.750  1007.52
0000016 1996090212 1996 09 02 12  288.000    9.750  1008.95
0000016 1996090218 1996 09 02 18  287.750    9.000  1006.38
0000016 1996090300 1996 09 03 00  288.750    9.750  1007.55
0000016 1996090306 1996 09 03 06  288.500   10.250  1008.80
0000016 1996090312 1996 09 03 12  288.250   10.250  1009.34
0000016 1996090318 1996 09 03 18  288.000    8.750  1005.81
0000016 1996090400 1996 09 04 00  288.000    9.000  1006.47
0000016 1996090406 1996 09 04 06  288.500   10.250  1008.13
0000016 1996090412 1996 09 04 12  288.250   11.000  1008.96
0000017 1996090418 1996 09 04 18  288.000    8.750  1005.73
0000017 1996090500 1996 09 05 00  288.500    9.500  1006.36
0000017 1996090506 1996 09 05 06  288.750   10.000  1009.15
0000017 1996090512 1996 09 05 12  288.250   10.250  1009.88
0000017 1996090518 1996 09 05 18  287.750    8.750  1006.84
0000017 1996090600 1996 09 06 00  288.500   10.000  1006.95
0000017 1996090606 1996 09 06 06  288.250   10.000  1008.08
0000017 1996090612 1996 09 06 12  288.000    9.750  1009.50
0000017 1996090618 1996 09 06 18  287.750    8.750  1006.83
0000017 1996090700 1996 09 07 00  288.750    9.750  1006.51
0000017 1996090706 1996 09 07 06  288.750    9.750  1007.35
0000017 1996090712 1996 09 07 12  288.250    9.750  1007.88
0000017 1996090718 1996 09 07 18  287.750    8.750  1004.47
0000017 1996090800 1996 09 08 00  288.750    9.750  1004.88
0000017 1996090806 1996 09 08 06  288.750    9.750  1006.86
0000017 1996090812 1996 09 08 12  288.500   10.000  1008.49
0000017 1996090818 1996 09 08 18  287.500    9.500  1005.46
0000017 1996090900 1996 09 09 00  288.500    9.750  1006.93
0000017 1996090906 1996 09 09 06  288.750    9.750  1008.86
0000017 1996090912 1996 09 09 12  288.750    9.750  1009.33
0000017 1996090918 1996 09 09 18  287.750    8.750  1005.61
0000017 1996091000 1996 09 10 00  288.250    9.250  1005.93
0000017 1996091006 1996 09 10 06  288.750    9.750  1008.42
0000017 1996091012 1996 09 10 12  288.250   10.000  1008.55
0000017 1996091018 1996 09 10 18  287.750    9.000  1005.19
0000017 1996091100 1996 09 11 00  288.750    9.750  1006.10
0000017 1996091106 1996 09 11 06  288.500   10.250  1007.14
0000017 1996091112 1996 09 11 12  288.500   10.750  1008.15
0000018 1996091418 1996 09 14 18  287.750    9.000  1004.08
0000018 1996091500 1996 09 15 00  288.250   10.000  1004.99
0000018 1996091506 1996 09 15 06  288.250   10.250  1006.30
0000018 1996091512 1996 09 15 12  288.250   10.250  1007.63
0000018 1996091518 1996 09 15 18  288.000    9.000  1001.00
0000018 1996091600 1996 09 16 00  288.750    9.750  1003.78
0000019 1996091918 1996 09 19 18  288.000    8.750  1005.22
0000019 1996092000 1996 09 20 00  288.500    9.750  1005.31
0000019 1996092006 1996 09 20 06  288.500   10.500  1007.31
0000019 1996092012 1996 09 20 12  288.250   10.250  1009.29
0000019 1996092018 1996 09 20 18  288.000    9.000  1005.68
0000019 1996092100 1996 09 21 00  288.500    9.500  1006.35
0000019 1996092106 1996 09 21 06  288.500   11.000  1008.47
0000019 1996092112 1996 09 21 12  288.250   11.000  1010.18
0000020 1996092200 1996 09 22 00  288.750   11.000  1007.30
0000020 1996092206 1996 09 22 06  288.500   10.000  1009.14
0000020 1996092212 1996 09 22 12  288.250   10.000  1011.10
0000020 1996092218 1996 09 22 18  287.750    9.000  1007.17
0000020 1996092300 1996 09 23 00  288.500   10.000  1007.13
0000020 1996092306 1996 09 23 06  288.250   10.000  1008.16
0000020 1996092312 1996 09 23 12  288.000   10.000  1009.90
0000020 1996092318 1996 09 23 18  287.750    9.000  1006.25
0000020 1996092400 1996 09 24 00  288.500    9.750  1007.26
0000020 1996092406 1996 09 24 06  288.500   10.000  1008.23
0000020 1996092412 1996 09 24 12  288.250   10.250  1009.16
0000020 1996092418 1996 09 24 18  288.000    9.000  1005.83
0000020 1996092500 1996 09 25 00  288.750    9.750  1006.86
0000020 1996092506 1996 09 25 06  288.500   10.000  1008.25
0000020 1996092512 1996 09 25 12  288.250   10.250  1008.97
0000020 1996092518 1996 09 25 18  288.000    8.750  1005.10
0000020 1996092600 1996 09 26 00  288.750    9.500  1006.56
0000020 1996092606 1996 09 26 06  288.500   10.000  1008.83
0000020 1996092612 1996 09 26 12  288.250   10.250  1009.97
0000020 1996092618 1996 09 26 18  288.000    8.750  1006.16
0000020 1996092700 1996 09 27 00  288.750    9.750  1007.94
0000020 1996092706 1996 09 27 06  288.750    9.750  1010.05
0000020 1996092712 1996 09 27 12  288.250   10.000  1010.16
0000020 1996092718 1996 09 27 18  287.500    8.750  1006.87
0000020 1996092800 1996 09 28 00  288.750    9.500  1007.73
0000020 1996092806 1996 09 28 06  288.250   10.000  1009.68
0000020 1996092812 1996 09 28 12  288.500   10.000  1009.51
0000020 1996092818 1996 09 28 18  287.750    8.750  1006.16
0000020 1996092900 1996 09 29 00  288.750    9.500  1008.61
0000020 1996092906 1996 09 29 06  288.750    9.750  1010.56
0000020 1996092912 1996 09 29 12  288.500   11.000  1011.39
0000021 1996100118 1996 10 01 18  287.750    8.750  1008.91
0000021 1996100200 1996 10 02 00  288.750    9.750  1008.92
0000021 1996100206 1996 10 02 06  288.750    9.750  1009.94
0000021 1996100212 1996 10 02 12  288.500    9.750  1010.47
0000021 1996100218 1996 10 02 18  287.750    8.750  1006.56
0000021 1996100300 1996 10 03 00  288.500    9.500  1007.68
0000021 1996100306 1996 10 03 06  288.750   10.000  1007.93
0000021 1996100312 1996 10 03 12  288.500   10.000  1009.10
0000021 1996100318 1996 10 03 18  287.750    9.000  1006.07
0000021 1996100400 1996 10 04 00  288.750    9.750  1007.41
0000021 1996100406 1996 10 04 06  288.500   10.250  1009.24
0000021 1996100412 1996 10 04 12  288.500   10.000  1010.11
0000021 1996100418 1996 10 04 18  288.000    8.750  1007.10
0000021 1996100500 1996 10 05 00  288.500    9.750  1007.88
0000021 1996100506 1996 10 05 06  288.500   10.000  1008.85
0000021 1996100512 1996 10 05 12  288.000   10.000  1010.82
0000021 1996100518 1996 10 05 18  287.750    9.000  1007.68
0000022 1996100606 1996 10 06 06  288.750    9.750  1009.08
0000022 1996100612 1996 10 06 12  288.250   10.000  1010.15
0000022 1996100618 1996 10 06 18  287.750    8.750  1005.98
0000022 1996100700 1996 10 07 00  288.500    9.750  1005.38
0000022 1996100706 1996 10 07 06  288.250   10.000  1006.80
0000022 1996100712 1996 10 07 12  288.250   10.250  1008.15
0000022 1996100718 1996 10 07 18  288.000    9.000  1004.80
0000022 1996100800 1996 10 08 00  288.500    9.500  1006.31
0000022 1996100806 1996 10 08 06  288.500   10.250  1008.09
0000022 1996100812 1996 10 08 12  288.250   10.250  1010.05
0000022 1996100818 1996 10 08 18  287.750    8.750  1006.22
0000022 1996100900 1996 10 09 00  288.750    9.750  1007.69
0000022 1996100906 1996 10 09 06  288.750    9.750  1009.43
0000022 1996100912 1996 10 09 12  288.250   10.000  1010.75
0000022 1996100918 1996 10 09 18  287.750    8.750  1007.32
0000022 1996101000 1996 10 10 00  287.750    9.000  1008.38
0000022 1996101006 1996 10 10 06  288.750    9.750  1009.53
0000022 1996101012 1996 10 10 12  288.250   10.000  1010.54
0000022 1996101018 1996 10 10 18  288.000    8.750  1006.56
0000022 1996101100 1996 10 11 00  288.250    9.250  1007.99
0000022 1996101106 1996 10 11 06  288.250   10.000  1009.09
0000022 1996101112 1996 10 11 12  288.000    9.750  1010.02
0000022 1996101118 1996 10 11 18  288.000    8.750  1006.54
0000023 1996101318 1996 10 13 18  279.250   11.250  1009.34
0000023 1996101400 1996 10 14 00  279.250   11.500  1008.67
0000023 1996101406 1996 10 14 06  280.000   12.250  1008.53
0000023 1996101412 1996 10 14 12  280.500   12.500  1008.76
0000023 1996101418 1996 10 14 18  280.250   12.750  1007.52
0000023 1996101500 1996 10 15 00  280.250   13.500  1006.76
0000023 1996101506 1996 10 15 06  279.750   14.500  1006.67
0000023 1996101512 1996 10 15 12  279.500   15.500  1005.74
0000023 1996101518 1996 10 15 18  278.750   16.250  1004.50
0000023 1996101600 1996 10 16 00  278.500   17.000  1001.71
0000023 1996101606 1996 10 16 06  277.750   18.250   996.58
0000023 1996101612 1996 10 16 12  277.250   18.750   995.20
0000023 1996101618 1996 10 16 18  276.750   19.250   995.20
0000023 1996101700 1996 10 17 00  276.250   19.000   992.98
0000023 1996101706 1996 10 17 06  276.000   19.000   993.52
0000023 1996101712 1996 10 17 12  276.750   19.250   990.33
0000023 1996101718 1996 10 17 18  277.500   19.500   990.67
0000023 1996101800 1996 10 18 00  278.500   20.000   990.13
0000023 1996101806 1996 10 18 06  279.500   21.000   990.31
0000023 1996101812 1996 10 18 12  280.500   21.750   985.87
0000023 1996101818 1996 10 18 18  281.500   22.750   986.47
0000023 1996101900 1996 10 19 00  283.000   23.250   982.39
0000023 1996101906 1996 10 19 06  284.500   24.000   975.20
0000024 1996102800 1996 10 28 00  301.750   20.500  1013.43
0000024 1996102806 1996 10 28 06  301.750   20.250  1011.22
0000024 1996102812 1996 10 28 12  301.000   21.000  1011.53
0000024 1996102818 1996 10 28 18  300.750   21.250  1010.43
0000024 1996102900 1996 10 29 00  300.250   21.750  1011.24
0000024 1996102906 1996 10 29 06  301.250   22.750  1010.39
0000024 1996102912 1996 10 29 12  300.750   23.250  1012.15
0000024 1996102918 1996 10 29 18  301.750   23.750  1010.08
0000024 1996103000 1996 10 30 00  303.000   24.500  1010.77
0000024 1996103006 1996 10 30 06  304.000   24.500  1009.11
0000024 1996103012 1996 10 30 12  305.250   24.500  1011.27
0000024 1996103018 1996 10 30 18  306.250   24.500  1010.80
0000024 1996103100 1996 10 31 00  306.750   24.750  1013.80
0000024 1996103106 1996 10 31 06  307.500   24.500  1013.17
0000024 1996103112 1996 10 31 12  308.000   24.250  1016.08
0000024 1996103118 1996 10 31 18  308.000   23.750  1014.19
0000024 1996110100 1996 11 01 00  308.000   23.250  1016.18
