0000001 1995060106 1995 06 01 06  288.250   10.000  1010.62
0000001 1995060112 1995 06 01 12  288.500    9.750  1010.25
0000001 1995060118 1995 06 01 18  288.750   10.750  1008.21
0000001 1995060200 1995 06 02 00  288.500   10.500  1007.31
0000001 1995060206 1995 06 02 06  288.250   10.000  1009.07
0000001 1995060212 1995 06 02 12  288.000    9.750  1009.79
0000001 1995060218 1995 06 02 18  288.750   10.750  1007.78
0000001 1995060300 1995 06 03 00  288.750   10.750  1007.20
0000001 1995060306 1995 06 03 06  288.250   10.000  1008.88
0000001 1995060312 1995 06 03 12  288.000   10.000  1010.34
0000001 1995060318 1995 06 03 18  288.750   10.750  1008.61
0000002 1995060418 1995 06 04 18  288.000    8.750  1008.81
0000002 1995060500 1995 06 05 00  287.750    9.250  1008.72
0000002 1995060506 1995 06 05 06  288.250   10.250  1009.89
0000002 1995060512 1995 06 05 12  288.250   10.000  1010.76
0000002 1995060518 1995 06 05 18  289.000   11.000  1008.27
0000003 1995061106 1995 06 11 06  288.500   10.000  1007.65
0000003 1995061112 1995 06 11 12  288.250   10.000  1008.31
0000003 1995061118 1995 06 11 18  288.000    8.750  1006.26
0000003 1995061200 1995 06 12 00  288.750    9.750  1006.00
0000003 1995061206 1995 06 12 06  288.250   10.250  1008.11
0000003 1995061212 1995 06 12 12  288.500    9.500  1008.24
0000003 1995061218 1995 06 12 18  288.000    8.750  1005.85
0000003 1995061300 1995 06 13 00  288.500    9.500  1006.36
0000003 1995061306 1995 06 13 06  288.250   10.500  1008.21
0000003 1995061312 1995 06 13 12  288.250   10.250  1009.66
0000003 1995061318 1995 06 13 18  288.000    8.750  1007.41
0000004 1995061400 1995 06 14 00  288.750   11.000  1007.08
0000004 1995061406 1995 06 14 06  288.250   10.250  1009.67
0000004 1995061412 1995 06 14 12  288.250   10.250  1011.02
0000004 1995061418 1995 06 14 18  289.000   11.000  1008.62
0000004 1995061500 1995 06 15 00  288.500   10.250  1008.07
0000004 1995061506 1995 06 15 06  288.250   10.250  1009.59
0000004 1995061512 1995 06 15 12  287.750    9.750  1011.20
0000004 1995061518 1995 06 15 18  288.750   10.750  1005.27
0000004 1995061600 1995 06 16 00  288.750    9.750  1005.89
0000004 1995061606 1995 06 16 06  288.500   10.750  1008.02
0000004 1995061612 1995 06 16 12  288.000   10.250  1009.78
0000004 1995061618 1995 06 16 18  288.000    8.750  1006.56
0000004 1995061700 1995 06 17 00  288.500    9.500  1007.15
0000004 1995061706 1995 06 17 06  288.500   10.000  1008.99
0000004 1995061712 1995 06 17 12  288.250   10.250  1009.54
0000004 1995061718 1995 06 17 18  288.000    8.750  1006.55
0000004 1995061800 1995 06 18 00  287.750    9.000  1007.03
0000004 1995061806 1995 06 18 06  288.500   10.250  1008.67
0000004 1995061812 1995 06 18 12  288.250   10.250  1009.65
0000004 1995061818 1995 06 18 18  289.250   11.250  1007.50
0000005 1995062118 1995 06 21 18  288.000    8.750  1008.07
0000005 1995062200 1995 06 22 00  288.250    9.750  1007.37
0000005 1995062206 1995 06 22 06  288.250   10.000  1009.48
0000005 1995062212 1995 06 22 12  288.750    9.750  1010.76
0000005 1995062218 1995 06 22 18  288.750   10.750  1007.75
0000005 1995062300 1995 06 23 00  288.500   10.500  1006.77
0000005 1995062306 1995 06 23 06  288.250   10.000  1008.88
0000006 1995062406 1995 06 24 06  288.500   10.000  1009.72
0000006 1995062412 1995 06 24 12  288.250   10.000  1010.39
0000006 1995062418 1995 06 24 18  288.000    8.750  1007.15
0000006 1995062500 1995 06 25 00  288.500    9.750  1006.82
0000006 1995062506 1995 06 25 06  288.250   10.000  1009.52
0000006 1995062512 1995 06 25 12  288.000   10.000  1010.62
0000006 1995062518 1995 06 25 18  288.000    8.750  1007.89
0000006 1995062600 1995 06 26 00  288.500   10.250  1006.70
0000006 1995062606 1995 06 26 06  288.250   10.000  1009.23
0000006 1995062612 1995 06 26 12  288.250   10.000  1010.58
0000006 1995062618 1995 06 26 18  288.000    8.750  1008.12
0000006 1995062700 1995 06 27 00  288.750    9.750  1007.56
0000006 1995062706 1995 06 27 06  288.250   10.000  1008.69
0000006 1995062712 1995 06 27 12  288.250   10.000  1009.13
0000006 1995062718 1995 06 27 18  288.000    8.750  1007.17
0000006 1995062800 1995 06 28 00  288.750    9.750  1007.67
0000006 1995062806 1995 06 28 06  288.500   10.000  1008.82
0000006 1995062812 1995 06 28 12  288.250   10.000  1009.51
0000006 1995062818 1995 06 28 18  288.000    8.750  1006.96
0000006 1995062900 1995 06 29 00  288.500    9.750  1007.11
0000006 1995062906 1995 06 29 06  288.500   10.250  1009.16
0000006 1995062912 1995 06 29 12  288.500   10.000  1009.70
0000006 1995062918 1995 06 29 18  287.750    9.500  1007.66
0000006 1995063000 1995 06 30 00  288.500    9.750  1007.81
0000006 1995063006 1995 06 30 06  288.250   10.250  1008.61
0000006 1995063012 1995 06 30 12  288.250   10.250  1009.40
0000006 1995063018 1995 06 30 18  288.000    8.750  1007.39
0000006 1995070100 1995 07 01 00  288.500    9.250  1011.48
0000006 1995070106 1995 07 01 06  288.750    9.750  1011.93
0000007 1995070118 1995 07 01 18  288.000    8.750  1008.87
0000007 1995070200 1995 07 02 00  288.500   10.000  1008.11
0000007 1995070206 1995 07 02 06  288.000    9.500  1010.55
0000007 1995070212 1995 07 02 12  288.250    9.750  1011.85
0000007 1995070218 1995 07 02 18  288.000    8.750  1009.15
0000007 1995070300 1995 07 03 00  288.500   10.250  1008.11
0000007 1995070306 1995 07 03 06  288.000    9.750  1010.19
0000008 1995070418 1995 07 04 18  287.750    8.750  1009.85
0000008 1995070500 1995 07 05 00  288.750    9.750  1009.58
0000008 1995070506 1995 07 05 06  288.250   10.000  1011.18
0000008 1995070512 1995 07 05 12  288.000   10.000  1011.25
0000008 1995070518 1995 07 05 18  288.000    8.750  1008.74
0000008 1995070600 1995 07 06 00  288.500   10.000  1008.97
0000008 1995070606 1995 07 06 06  288.250   10.000  1009.99
0000008 1995070612 1995 07 06 12  288.000   10.000  1010.92
0000008 1995070618 1995 07 06 18  288.000    8.750  1007.96
0000008 1995070700 1995 07 07 00  288.500    9.500  1008.08
0000008 1995070706 1995 07 07 06  288.250   10.000  1010.02
0000008 1995070712 1995 07 07 12  288.250   10.250  1011.56
0000008 1995070718 1995 07 07 18  288.000    8.750  1009.10
0000008 1995070800 1995 07 08 00  288.500    9.500  1009.06
0000008 1995070806 1995 07 08 06  288.500   10.000  1010.79
0000008 1995070812 1995 07 08 12  288.250   10.000  1011.66
0000008 1995070818 1995 07 08 18  288.000    8.750  1008.82
0000008 1995070900 1995 07 09 00  288.500   10.000  1007.94
0000008 1995070906 1995 07 09 06  288.250   10.000  1009.46
0000009 1995071218 1995 07 12 18  287.750    9.000  1004.87
0000009 1995071300 1995 07 13 00  288.750    9.750  1004.08
0000009 1995071306 1995 07 13 06  288.500   10.250  1006.10
0000009 1995071312 1995 07 13 12  288.250   10.000  1007.52
0000009 1995071318 1995 07 13 18  287.750    9.250  1005.46
0000009 1995071400 1995 07 14 00  288.500   10.250  1006.45
0000009 1995071406 1995 07 14 06  288.250   10.000  1008.28
0000009 1995071412 1995 07 14 12  288.000    9.750  1009.57
0000009 1995071418 1995 07 14 18  287.750    9.000  1006.80
0000009 1995071500 1995 07 15 00  288.500    9.750  1005.86
0000009 1995071506 1995 07 15 06  288.250   10.000  1007.21
0000009 1995071512 1995 07 15 12  288.000    9.750  1007.97
0000009 1995071518 1995 07 15 18  288.000    9.000  1005.26
0000009 1995071600 1995 07 16 00  288.500   10.000  1006.06
0000009 1995071606 1995 07 16 06  288.250   10.250  1003.99
0000009 1995071612 1995 07 16 12  288.000   10.500  1006.79
0000009 1995071618 1995 07 16 18  288.000    9.000  1004.42
0000009 1995071700 1995 07 17 00  288.500    9.250  1005.08
0000010 1995071806 1995 07 18 06  289.000   11.250  1010.56
0000010 1995071812 1995 07 18 12  288.500   10.000  1010.66
0000010 1995071818 1995 07 18 18  288.000    8.750  1008.40
0000010 1995071900 1995 07 19 00  287.750    9.000  1008.97
0000010 1995071906 1995 07 19 06  288.750    9.750  1010.54
0000010 1995071912 1995 07 19 12  288.500   10.000  1010.76
0000010 1995071918 1995 07 19 18  288.000    8.750  1008.15
0000010 1995072000 1995 07 20 00  288.500   10.250  1007.25
0000010 1995072006 1995 07 20 06  287.750    9.500  1010.05
0000010 1995072012 1995 07 20 12  288.750    9.750  1011.47
0000011 1995072500 1995 07 25 00  288.750   10.000  1007.03
0000011 1995072506 1995 07 25 06  288.500   10.000  1008.17
0000011 1995072512 1995 07 25 12  288.000   10.000  1009.79
0000011 1995072518 1995 07 25 18  287.750    8.750  1007.39
0000011 1995072600 1995 07 26 00  288.500   10.000  1007.90
0000011 1995072606 1995 07 26 06  288.250    9.750  1009.67
0000011 1995072612 1995 07 26 12  288.250    9.750  1010.13
0000011 1995072618 1995 07 26 18  287.500    9.250  1007.37
0000011 1995072700 1995 07 27 00  288.000    9.750  1007.52
0000011 1995072706 1995 07 27 06  288.250   10.000  1008.95
0000011 1995072712 1995 07 27 12  288.250   10.000  1008.65
0000011 1995072718 1995 07 27 18  288.000    8.750  1006.04
0000011 1995072800 1995 07 28 00  288.000    9.250  1006.78
0000011 1995072806 1995 07 28 06  288.750    9.750  1008.92
0000011 1995072812 1995 07 28 12  288.750   11.000  1010.30
0000012 1995073018 1995 07 30 18  288.000    8.750  1006.20
0000012 1995073100 1995 07 31 00  288.500    9.500  1005.17
0000012 1995073106 1995 07 31 06  288.500   10.000  1006.73
0000012 1995073112 1995 07 31 12  288.250   10.250  1007.35
0000012 1995073118 1995 07 31 18  288.000    8.750  1004.39
0000012 1995080100 1995 08 01 00  287.750    9.000  1007.84
0000012 1995080106 1995 08 01 06  288.500    9.750  1008.50
0000012 1995080112 1995 08 01 12  288.250    9.500  1008.87
0000012 1995080118 1995 08 01 18  288.000    8.750  1006.93
0000012 1995080200 1995 08 02 00  288.500   10.000  1006.56
0000012 1995080206 1995 08 02 06  288.250    9.750  1008.09
0000012 1995080212 1995 08 02 12  288.250    9.750  1010.17
0000012 1995080218 1995 08 02 18  288.000    8.750  1008.32
0000012 1995080300 1995 08 03 00  288.500    9.500  1008.57
0000012 1995080306 1995 08 03 06  288.750    9.750  1011.38
0000012 1995080312 1995 08 03 12  288.500   10.000  1012.10
0000012 1995080318 1995 08 03 18  287.500    9.500  1009.59
0000012 1995080400 1995 08 04 00  287.750    8.750  1010.25
0000012 1995080406 1995 08 04 06  288.500   10.000  1010.86
0000012 1995080412 1995 08 04 12  288.500   10.000  1010.36
0000012 1995080418 1995 08 04 18  288.750   10.750  1008.19
0000013 1995080500 1995 08 05 00  288.000    9.000  1007.74
0000013 1995080506 1995 08 05 06  288.750    9.750  1009.34
0000013 1995080512 1995 08 05 12  288.250   10.000  1009.28
0000013 1995080518 1995 08 05 18  288.000    8.750  1006.62
0000013 1995080600 1995 08 06 00  288.750    9.500  1007.43
0000013 1995080606 1995 08 06 06  288.500   10.250  1009.23
0000013 1995080612 1995 08 06 12  288.250   10.250  1009.73
0000013 1995080618 1995 08 06 18  288.000    8.750  1007.25
0000013 1995080700 1995 08 07 00  288.000    9.000  1007.87
0000013 1995080706 1995 08 07 06  288.500   10.250  1009.50
0000013 1995080712 1995 08 07 12  288.250   10.250  1009.95
0000013 1995080718 1995 08 07 18  288.000    8.750  1007.08
0000013 1995080800 1995 08 08 00  288.500   10.250  1007.17
0000013 1995080806 1995 08 08 06  288.250   10.250  1008.12
0000013 1995080812 1995 08 08 12  288.000   10.000  1009.41
0000013 1995080818 1995 08 08 18  287.750    8.750  1006.26
0000013 1995080900 1995 08 09 00  288.250    9.500  1005.87
0000013 1995080906 1995 08 09 06  288.500   10.250  1006.58
0000013 1995080912 1995 08 09 12  288.250   10.250  1007.07
0000013 1995080918 1995 08 09 18  287.750    8.750  1005.46
0000013 1995081000 1995 08 10 00  288.250    9.250  1005.92
0000013 1995081006 1995 08 10 06  288.500   10.000  1007.52
0000013 1995081012 1995 08 10 12  288.500   10.250  1008.18
0000013 1995081018 1995 08 10 18  287.750    8.750  1006.30
0000013 1995081100 1995 08 11 00  288.250   10.000  1008.23
0000013 1995081106 1995 08 11 06  288.750    9.750  1011.19
0000014 1995081106 1995 08 11 06  306.000   19.750   993.69
0000014 1995081112 1995 08 11 12  304.500   20.500   992.63
0000014 1995081118 1995 08 11 18  303.000   21.000   990.82
0000014 1995081200 1995 08 12 00  302.250   22.000   988.28
0000014 1995081206 1995 08 12 06  300.500   22.500   986.00
0000014 1995081212 1995 08 12 12  299.500   23.500   985.65
0000014 1995081218 1995 08 12 18  298.500   24.250   983.62
0000014 1995081300 1995 08 13 00  298.000   25.500   982.52
0000014 1995081306 1995 08 13 06  297.750   26.000   981.05
0000014 1995081312 1995 08 13 12  297.500   26.750   983.46
0000015 1995081706 1995 08 17 06  294.750   17.250  1009.62
0000015 1995081712 1995 08 17 12  293.750   17.250  1009.75
0000015 1995081718 1995 08 17 18  292.500   18.250  1008.75
0000015 1995081800 1995 08 18 00  291.500   18.750  1008.53
0000015 1995081806 1995 08 18 06  290.500   18.250  1008.48
0000015 1995081812 1995 08 18 12  289.250   18.000  1009.42
0000016 1995081818 1995 08 18 18  288.500   19.750  1007.47
0000016 1995081900 1995 08 19 00  287.000   19.250  1007.32
0000016 1995081906 1995 08 19 06  285.500   19.500  1006.40
0000016 1995081912 1995 08 19 12  284.500   19.500  1007.60
0000016 1995081918 1995 08 19 18  283.750   19.750  1008.18
0000016 1995082000 1995 08 20 00  283.000   20.500  1008.29
0000016 1995082006 1995 08 20 06  282.750   20.500  1009.31
0000016 1995082012 1995 08 20 12  281.250   20.750  1009.67
0000016 1995082018 1995 08 20 18  280.750   21.500  1010.63
0000016 1995082100 1995 08 21 00  280.250   21.250  1010.18
0000016 1995082106 1995 08 21 06  280.750   21.250  1010.98
0000016 1995082112 1995 08 21 12  280.250   21.500  1010.98
0000016 1995082118 1995 08 21 18  280.000   21.500  1011.48
0000016 1995082200 1995 08 22 00  280.000   21.500  1010.37
0000016 1995082206 1995 08 22 06  279.750   22.250  1009.10
0000016 1995082212 1995 08 22 12  279.500   22.750  1009.59
0000016 1995082218 1995 08 22 18  279.250   23.000  1009.27
0000016 1995082300 1995 08 23 00  279.250   22.500  1008.63
0000016 1995082306 1995 08 23 06  279.000   23.000  1009.23
0000016 1995082312 1995 08 23 12  279.250   24.000  1008.74
0000016 1995082318 1995 08 23 18  279.250   24.500  1007.03
0000016 1995082400 1995 08 24 00  280.000   25.250  1006.42
0000017 1995082606 1995 08 26 06  312.750   19.500   995.48
0000017 1995082612 1995 08 26 12  312.500   20.250   997.21
0000017 1995082618 1995 08 26 18  311.750   21.500   994.19
0000017 1995082700 1995 08 27 00  311.500   22.000   996.63
0000017 1995082706 1995 08 27 06  311.000   23.000   991.81
0000017 1995082712 1995 08 27 12  310.500   23.500   993.13
0000017 1995082718 1995 08 27 18  310.500   24.250   993.33
0000017 1995082800 1995 08 28 00  310.250   24.750   994.70
0000017 1995082806 1995 08 28 06  310.750   25.250   996.38
0000017 1995082812 1995 08 28 12  311.500   26.250  1003.29
0000018 1995083000 1995 08 30 00  312.250   19.500  1011.36
0000018 1995083006 1995 08 30 06  311.250   20.250  1010.34
0000018 1995083012 1995 08 30 12  310.000   21.250  1011.11
0000018 1995083018 1995 08 30 18  309.000   22.000  1010.04
0000018 1995083100 1995 08 31 00  308.250   23.500  1010.98
0000018 1995083106 1995 08 31 06  307.750   24.500  1009.42
0000018 1995083112 1995 08 31 12  307.500   26.000  1011.27
0000019 1995090100 1995 09 01 00  300.250   25.250  1009.62
0000019 1995090106 1995 09 01 06  301.250   25.750  1005.73
0000019 1995090112 1995 09 01 12  300.750   26.000  1004.35
0000019 1995090118 1995 09 01 18  301.000   26.250  1001.63
0000019 1995090200 1995 09 02 00  300.500   26.750   999.98
0000020 1995083118 1995 08 31 18  288.000    8.750  1006.71
0000020 1995090100 1995 09 01 00  287.750    9.250  1008.77
0000020 1995090106 1995 09 01 06  288.250   10.000  1009.32
0000020 1995090112 1995 09 01 12  288.500    9.750  1009.28
0000020 1995090118 1995 09 01 18  288.000    8.750  1006.49
0000020 1995090200 1995 09 02 00  288.000    9.500  1006.19
0000020 1995090206 1995 09 02 06  288.500   10.250  1008.38
0000020 1995090212 1995 09 02 12  288.250   11.000  1009.38
0000021 1995082300 1995 08 23 00  305.250   14.500  1010.67
0000021 1995082306 1995 08 23 06  304.000   15.000  1009.29
0000021 1995082312 1995 08 23 12  303.000   15.250  1010.40
0000021 1995082318 1995 08 23 18  302.750   15.750  1008.94
0000021 1995082400 1995 08 24 00  301.750   15.500  1009.04
0000021 1995082406 1995 08 24 06  301.000   15.500  1008.55
0000021 1995082412 1995 08 24 12  300.000   15.500  1008.75
0000021 1995082418 1995 08 24 18  298.250   15.500  1008.71
0000021 1995082500 1995 08 25 00  298.000   15.500  1008.26
0000021 1995082506 1995 08 25 06  296.500   15.500  1008.14
0000021 1995082512 1995 08 25 12  295.500   15.000  1008.63
0000021 1995082518 1995 08 25 18  295.500   15.500  1007.84
0000021 1995082600 1995 08 26 00  295.250   15.500  1007.65
0000021 1995082606 1995 08 26 06  294.250   15.750  1008.11
0000021 1995082612 1995 08 26 12  293.250   15.750  1007.83
0000021 1995082618 1995 08 26 18  292.500   16.500  1006.47
0000021 1995082700 1995 08 27 00  292.000   16.500  1005.68
0000021 1995082706 1995 08 27 06  290.500   16.500  1005.78
0000021 1995082712 1995 08 27 12  289.250   16.500  1004.74
0000021 1995082718 1995 08 27 18  288.000   16.500  1003.86
0000021 1995082800 1995 08 28 00  287.250   16.250  1002.28
0000021 1995082806 1995 08 28 06  286.750   16.000  1002.43
0000021 1995082812 1995 08 28 12  286.000   16.500  1003.01
0000021 1995082818 1995 08 28 18  285.250   17.250  1003.47
0000021 1995082900 1995 08 29 00  284.750   17.500  1003.58
0000021 1995082906 1995 08 29 06  283.500   17.750  1003.81
0000021 1995082912 1995 08 29 12  282.750   18.500  1005.91
0000021 1995082918 1995 08 29 18  282.000   18.750  1006.20
0000021 1995083000 1995 08 30 00  281.250   19.250  1005.44
0000021 1995083006 1995 08 30 06  280.500   19.250  1005.97
0000021 1995083012 1995 08 30 12  279.750   19.250  1006.51
0000021 1995083018 1995 08 30 18  279.000   19.500  1007.13
0000021 1995083100 1995 08 31 00  279.000   19.500  1006.39
0000021 1995083106 1995 08 31 06  278.500   19.750  1006.99
0000021 1995083112 1995 08 31 12  277.750   20.000  1006.79
0000021 1995083118 1995 08 31 18  277.250   20.250  1007.91
0000021 1995090100 1995 09 01 00  277.000   20.250  1010.28
0000021 1995090106 1995 09 01 06  276.250   20.250  1010.38
0000021 1995090112 1995 09 01 12  275.750   20.500  1010.91
0000021 1995090118 1995 09 01 18  276.000   20.750  1011.24
0000021 1995090200 1995 09 02 00  275.750   20.250  1010.60
0000021 1995090206 1995 09 02 06  275.750   20.250  1011.60
0000021 1995090212 1995 09 02 12  275.750   20.500  1012.02
0000021 1995090218 1995 09 02 18  276.000   20.750  1012.77
0000022 1995090400 1995 09 04 00  288.250    9.750  1007.03
0000022 1995090406 1995 09 04 06  288.500    9.250  1009.12
0000022 1995090412 1995 09 04 12  288.500   10.000  1010.02
0000022 1995090418 1995 09 04 18  288.000    8.750  1006.86
0000022 1995090500 1995 09 05 00  288.750    9.750  1007.31
0000022 1995090506 1995 09 05 06  288.500   10.000  1008.08
0000022 1995090512 1995 09 05 12  288.500   10.000  1008.31
0000022 1995090518 1995 09 05 18  288.000    8.750  1005.85
0000022 1995090600 1995 09 06 00  288.750    9.750  1006.39
0000022 1995090606 1995 09 06 06  288.750    9.750  1009.04
0000022 1995090612 1995 09 06 12  288.500   10.250  1009.20
0000022 1995090618 1995 09 06 18  288.000    8.750  1006.41
0000022 1995090700 1995 09 07 00  288.000    9.000  1006.83
0000023 1995090212 1995 09 02 12  311.500   17.000   997.12
0000023 1995090218 1995 09 02 18  310.250   17.500   991.78
0000023 1995090300 1995 09 03 00  308.750   17.750   989.78
0000023 1995090306 1995 09 03 06  307.000   17.750   985.64
0000023 1995090312 1995 09 03 12  306.000   17.500   984.55
0000023 1995090318 1995 09 03 18  304.750   17.500   981.09
0000023 1995090400 1995 09 04 00  303.750   17.250   977.50
0000023 1995090406 1995 09 04 06  302.750   17.000   975.28
0000023 1995090412 1995 09 04 12  301.750   17.000   968.60
0000023 1995090418 1995 09 04 18  300.750   17.250   964.22
0000023 1995090500 1995 09 05 00  299.750   17.500   958.02
0000023 1995090506 1995 09 05 06  299.000   17.750   953.36
0000023 1995090512 1995 09 05 12  298.250   18.000   953.98
0000023 1995090518 1995 09 05 18  297.500   18.500   952.89
0000023 1995090600 1995 09 06 00  296.750   18.750   953.21
0000023 1995090606 1995 09 06 06  296.000   19.250   953.86
0000023 1995090612 1995 09 06 12  295.500   20.000   954.43
0000023 1995090618 1995 09 06 18  294.750   20.500   952.23
0000023 1995090700 1995 09 07 00  294.250   21.000   949.64
0000023 1995090706 1995 09 07 06  293.750   21.500   950.27
0000023 1995090712 1995 09 07 12  292.750   22.250   951.39
0000023 1995090718 1995 09 07 18  292.250   23.000   948.87
0000023 1995090800 1995 09 08 00  291.750   23.500   948.64
0000023 1995090806 1995 09 08 06  291.250   24.250   949.45
0000023 1995090812 1995 09 08 12  291.000   25.500   951.09
0000024 1995091212 1995 09 12 12  311.500   11.250  1010.03
0000024 1995091218 1995 09 12 18  310.750   11.500  1007.30
0000024 1995091300 1995 09 13 00  309.750   12.250  1008.25
0000024 1995091306 1995 09 13 06  308.250   13.000  1007.09
0000024 1995091312 1995 09 13 12  307.250   13.000  1007.58
0000024 1995091318 1995 09 13 18  306.000   13.750  1005.35
0000024 1995091400 1995 09 14 00  304.750   14.250  1004.89
0000024 1995091406 1995 09 14 06  303.750   14.750  1003.89
0000024 1995091412 1995 09 14 12  302.750   15.250  1004.85
0000024 1995091418 1995 09 14 18  301.750   16.500  1003.32
0000024 1995091500 1995 09 15 00  300.500   17.500  1003.42
0000025 1995091100 1995 09 11 00  288.750   10.000  1006.69
0000025 1995091106 1995 09 11 06  288.250   10.000  1008.50
0000025 1995091112 1995 09 11 12  288.000    9.750  1009.53
0000025 1995091118 1995 09 11 18  288.000    8.750  1007.45
0000025 1995091200 1995 09 12 00  288.750    9.750  1007.62
0000025 1995091206 1995 09 12 06  288.500   10.000  1009.76
0000025 1995091212 1995 09 12 12  288.250   10.000  1010.09
0000025 1995091218 1995 09 12 18  288.000    8.750  1007.41
0000025 1995091300 1995 09 13 00  288.250    9.250  1008.11
0000025 1995091306 1995 09 13 06  288.500   10.000  1010.16
0000025 1995091312 1995 09 13 12  288.250   10.250  1010.38
0000025 1995091318 1995 09 13 18  288.000    8.750  1007.32
0000025 1995091400 1995 09 14 00  288.500   10.000  1007.45
0000025 1995091406 1995 09 14 06  288.750    9.750  1009.55
0000025 1995091412 1995 09 14 12  288.250   10.000  1010.34
0000025 1995091418 1995 09 14 18  288.000    8.750  1008.34
0000025 1995091500 1995 09 15 00  288.250    9.500  1009.29
0000025 1995091506 1995 09 15 06  288.500    9.750  1011.52
0000025 1995091512 1995 09 15 12  288.250   10.250  1012.16
0000025 1995091518 1995 09 15 18  288.000    8.750  1006.08
0000025 1995091600 1995 09 16 00  288.250    9.250  1007.55
0000026 1995091506 1995 09 15 06  298.750   18.250  1001.35
0000026 1995091512 1995 09 15 12  297.250   19.000  1003.26
0000026 1995091518 1995 09 15 18  295.750   19.000   996.64
0000026 1995091600 1995 09 16 00  294.750   18.750   995.22
0000026 1995091606 1995 09 16 06  294.000   19.000   994.39
0000026 1995091612 1995 09 16 12  293.250   19.250   993.54
0000026 1995091618 1995 09 16 18  292.750   20.000   989.35
0000026 1995091700 1995 09 17 00  292.500   20.250   987.88
0000026 1995091706 1995 09 17 06  292.000   21.000   985.63
0000026 1995091712 1995 09 17 12  291.500   22.000   983.34
0000026 1995091718 1995 09 17 18  290.500   23.250   980.10
0000026 1995091800 1995 09 18 00  289.750   24.000   979.31
0000026 1995091806 1995 09 18 06  289.000   24.500   980.00
0000026 1995091812 1995 09 18 12  289.250   24.750   982.14
0000026 1995091818 1995 09 18 18  290.750   25.500   984.41
0000026 1995091900 1995 09 19 00  291.750   26.750   997.55
0000027 1995100118 1995 10 01 18  289.000   11.000  1006.97
0000027 1995100200 1995 10 02 00  288.500   10.000  1007.72
0000027 1995100206 1995 10 02 06  288.500   10.250  1008.96
0000027 1995100212 1995 10 02 12  288.500   10.250  1009.87
0000027 1995100218 1995 10 02 18  288.000    8.750  1006.91
0000027 1995100300 1995 10 03 00  287.750    8.750  1008.91
0000028 1995100700 1995 10 07 00  276.250   12.250  1005.49
0000028 1995100706 1995 10 07 06  276.750   13.750  1006.88
0000028 1995100712 1995 10 07 12  275.750   12.750  1007.22
0000028 1995100718 1995 10 07 18  277.000   13.250  1006.86
0000028 1995100800 1995 10 08 00  276.500   14.500  1006.50
0000028 1995100806 1995 10 08 06  276.500   15.500  1007.72
0000028 1995100812 1995 10 08 12  276.000   15.750  1006.70
0000028 1995100818 1995 10 08 18  276.500   15.500  1006.69
0000028 1995100900 1995 10 09 00  277.250   15.750  1004.80
0000028 1995100906 1995 10 09 06  277.250   15.750  1005.22
0000028 1995100912 1995 10 09 12  277.500   16.500  1002.03
0000028 1995100918 1995 10 09 18  277.750   17.750   999.94
0000028 1995101000 1995 10 10 00  277.000   18.250   995.12
0000028 1995101006 1995 10 10 06  276.250   19.000   993.27
0000029 1995101618 1995 10 16 18  277.250   23.000  1008.17
0000029 1995101700 1995 10 17 00  277.250   23.500  1006.94
0000029 1995101706 1995 10 17 06  276.250   24.000  1006.17
0000029 1995101712 1995 10 17 12  275.500   23.750  1006.65
0000029 1995101718 1995 10 17 18  275.500   23.500  1008.10
0000029 1995101800 1995 10 18 00  275.750   23.250  1007.90
0000029 1995101806 1995 10 18 06  275.500   23.000  1009.09
0000029 1995101812 1995 10 18 12  275.500   23.000  1012.11
0000030 1995101706 1995 10 17 06  277.750   12.500  1008.26
0000030 1995101712 1995 10 17 12  278.000   13.000  1007.62
0000030 1995101718 1995 10 17 18  279.750   12.500  1006.77
0000030 1995101800 1995 10 18 00  278.250   12.000  1006.19
0000030 1995101806 1995 10 18 06  278.250   11.500  1005.85
0000030 1995101812 1995 10 18 12  278.250   12.000  1005.56
0000030 1995101818 1995 10 18 18  278.000   12.000  1005.49
0000030 1995101900 1995 10 19 00  278.250   11.750  1005.01
0000030 1995101906 1995 10 19 06  277.750   11.500  1005.22
0000030 1995101912 1995 10 19 12  277.750   11.500  1003.85
0000030 1995101918 1995 10 19 18  278.250   10.750  1003.49
0000030 1995102000 1995 10 20 00  278.750   10.500  1003.32
0000030 1995102006 1995 10 20 06  279.500   10.000  1003.58
0000030 1995102012 1995 10 20 12  280.500   10.000  1003.41
0000030 1995102018 1995 10 20 18  281.750   10.750  1003.70
0000030 1995102100 1995 10 21 00  282.000   11.000  1003.21
0000030 1995102106 1995 10 21 06  282.250   11.750  1003.96
0000030 1995102112 1995 10 21 12  282.500   12.750  1004.41
0000030 1995102118 1995 10 21 18  282.000   13.500  1004.73
0000030 1995102200 1995 10 22 00  281.750   14.500  1004.60
0000030 1995102206 1995 10 22 06  280.250   15.000  1005.46
0000030 1995102212 1995 10 22 12  279.000   14.750  1005.62
0000030 1995102218 1995 10 22 18  277.750   14.250  1005.62
0000030 1995102300 1995 10 23 00  276.750   13.750  1005.24
0000030 1995102306 1995 10 23 06  276.250   12.500  1007.38
0000030 1995102312 1995 10 23 12  276.750   12.000  1008.99
